brasil

mean =  30250579 
median =  15342 
skewness =  75.85922 
[1] 29.630544 17.008146 12.647083  9.849420  8.055624  6.344113  5.990290
[8]  5.422529  5.052250
 [1] 0.0000000 0.0000000 0.0000000 0.0000000 0.0000000 0.0000000 0.0000000
 [8] 0.0000000 0.0000000 4.1388957 3.7110179 3.2008558 2.9704600 2.9622315
[15] 2.8141200 2.6989221 2.3286431 2.5425821 2.2628158 2.0982473 1.7526537
[22] 2.1229326 1.8349379 1.7608821 1.6209989 1.3494610 1.5058010 1.5716284
[29] 1.3906031 1.6539126 1.3494610 1.3823747 1.0779231 1.4070600 1.0450095
[36] 1.1602074 1.3247758 1.0943800 1.1519789 0.9874105 1.0450095 0.8722126
[43] 0.9051263 1.0614663 1.0614663 0.9298116 0.9874105 0.9544968 1.0450095
[50] 1.0285526 0.7734716 0.9215831 0.8968979 0.7158726 0.7652431 0.6994158
[57] 0.6665021 0.7487863 0.8392989 0.7076442 0.6418168 0.6829589 0.5842179
[64] 0.6171316 0.6418168 0.6747305 0.6582737 0.5513042 0.5842179 0.5759895
[71] 0.6911874 0.4937053 0.6829589 0.4772484 0.5924463 0.5430758 0.6335884
[78] 0.5595326 0.7405579 0.6911874 0.4607916 0.4690200 0.4278779 0.5677610
[85] 0.6829589 0.5348474 0.5430758 0.4772484 0.5677610 0.5842179 0.5759895
[92] 0.4278779 0.5759895 0.4196495 0.4854768 0.4361063 0.5019337 0.5266189
[99] 0.5183905
( 10 ,  4.14 ) ( 11 ,  3.71 ) ( 12 ,  3.2 ) ( 13 ,  2.97 ) ( 14 ,  2.96 ) ( 15 ,  2.81 ) ( 16 ,  2.7 ) ( 17 ,  2.33 ) ( 18 ,  2.54 ) ( 19 ,  2.26 ) ( 20 ,  2.1 ) ( 21 ,  1.75 ) ( 22 ,  2.12 ) ( 23 ,  1.83 ) ( 24 ,  1.76 ) ( 25 ,  1.62 ) ( 26 ,  1.35 ) ( 27 ,  1.51 ) ( 28 ,  1.57 ) ( 29 ,  1.39 ) ( 30 ,  1.65 ) ( 31 ,  1.35 ) ( 32 ,  1.38 ) ( 33 ,  1.08 ) ( 34 ,  1.41 ) ( 35 ,  1.05 ) ( 36 ,  1.16 ) ( 37 ,  1.32 ) ( 38 ,  1.09 ) ( 39 ,  1.15 ) ( 40 ,  0.99 ) ( 41 ,  1.05 ) ( 42 ,  0.87 ) ( 43 ,  0.91 ) ( 44 ,  1.06 ) ( 45 ,  1.06 ) ( 46 ,  0.93 ) ( 47 ,  0.99 ) ( 48 ,  0.95 ) ( 49 ,  1.05 ) ( 50 ,  1.03 ) ( 51 ,  0.77 ) ( 52 ,  0.92 ) ( 53 ,  0.9 ) ( 54 ,  0.72 ) ( 55 ,  0.77 ) ( 56 ,  0.7 ) ( 57 ,  0.67 ) ( 58 ,  0.75 ) ( 59 ,  0.84 ) ( 60 ,  0.71 ) ( 61 ,  0.64 ) ( 62 ,  0.68 ) ( 63 ,  0.58 ) ( 64 ,  0.62 ) ( 65 ,  0.64 ) ( 66 ,  0.67 ) ( 67 ,  0.66 ) ( 68 ,  0.55 ) ( 69 ,  0.58 ) ( 70 ,  0.58 ) ( 71 ,  0.69 ) ( 72 ,  0.49 ) ( 73 ,  0.68 ) ( 74 ,  0.48 ) ( 75 ,  0.59 ) ( 76 ,  0.54 ) ( 77 ,  0.63 ) ( 78 ,  0.56 ) ( 79 ,  0.74 ) ( 80 ,  0.69 ) ( 81 ,  0.46 ) ( 82 ,  0.47 ) ( 83 ,  0.43 ) ( 84 ,  0.57 ) ( 85 ,  0.68 ) ( 86 ,  0.53 ) ( 87 ,  0.54 ) ( 88 ,  0.48 ) ( 89 ,  0.57 ) ( 90 ,  0.58 ) ( 91 ,  0.58 ) ( 92 ,  0.43 ) ( 93 ,  0.58 ) ( 94 ,  0.42 ) ( 95 ,  0.49 ) ( 96 ,  0.44 ) ( 97 ,  0.5 ) ( 98 ,  0.53 ) ( 99 ,  0.52 ) 
( 1 ,  29.63 ) ( 2 ,  17.01 ) ( 3 ,  12.65 ) ( 4 ,  9.85 ) ( 5 ,  8.06 ) ( 6 ,  6.34 ) ( 7 ,  5.99 ) ( 8 ,  5.42 ) ( 9 ,  5.05 ) 
( 0 ,  12.47 ) ( 1 ,  11 ) ( 2 ,  10.57 ) ( 3 ,  9.96 ) ( 4 ,  9.99 ) ( 5 ,  9.71 ) ( 6 ,  9.03 ) ( 7 ,  9.15 ) ( 8 ,  9.03 ) ( 9 ,  9.1 ) 

        K-S Test for Benford Distribution

data:  limitated_num
D = 0.94427, p-value = 0.1387


        K-S Test for Benford Distribution

data:  limitated_num
D = 1.1146, p-value = 0.1207


        Chi-Square Test for Benford Distribution

data:  limitated_num
chisq = 11.065, p-value = 0.198


        Chi-Square Test for Benford Distribution

data:  limitated_num
chisq = 100.44, p-value = 0.1914



XXXXXXXXXXXXXXXXXXXXXXXXXXXXXXXXXXXXXXXXXXXXXXXXXXXXXXXXXXXXXXXXXXXXXXXXXXXXXXX

canada

 mean =  408.948 
median =  225.13 
skewness =  9.91495 
[1] 27.046870 16.448032 12.958001 10.998991  9.478409  7.762970  6.054490
[8]  4.909705  4.339051
 [1] 0.0000000 0.0000000 0.0000000 0.0000000 0.0000000 0.0000000 0.0000000
 [8] 0.0000000 0.0000000 3.5004697 3.1838269 3.0237656 2.8080309 2.9506942
[15] 2.5922962 2.5818574 2.3278472 2.0947145 1.9833675 1.8998573 1.7537145
[22] 1.6876022 1.6493267 1.6110512 1.6667247 1.6180104 1.5240614 1.5379797
[29] 1.4997042 1.4440308 1.3535614 1.3918369 1.3466022 1.2770103 1.1656634
[36] 1.2178573 1.3187654 1.2074185 1.2352552 1.1935001 1.0995511 1.2213369
[43] 1.0821532 1.2039389 1.0508368 1.0682348 1.0090817 1.0577960 1.0125613
[50] 0.9951634 1.0090817 1.0195205 0.9534083 0.9394899 0.8838164 0.9534083
[57] 0.9081736 0.9186123 0.8977348 0.8490205 0.7689899 0.8525001 0.7898674
[64] 0.8107450 0.7272348 0.7550715 0.7202756 0.7167960 0.7724695 0.6680817
[71] 0.7063572 0.5950103 0.5845715 0.5880511 0.6019694 0.6646021 0.5045409
[78] 0.5741327 0.5671735 0.5219388 0.4488674 0.4767041 0.5497756 0.4941021
[85] 0.5045409 0.4593062 0.5288980 0.4453878 0.4801837 0.4906225 0.4836633
[92] 0.4801837 0.4593062 0.4384286 0.3966735 0.3653572 0.4105919 0.3966735
[99] 0.4175511
( 10 ,  3.5 ) ( 11 ,  3.18 ) ( 12 ,  3.02 ) ( 13 ,  2.81 ) ( 14 ,  2.95 ) ( 15 ,  2.59 ) ( 16 ,  2.58 ) ( 17 ,  2.33 ) ( 18 ,  2.09 ) ( 19 ,  1.98 ) ( 20 ,  1.9 ) ( 21 ,  1.75 ) ( 22 ,  1.69 ) ( 23 ,  1.65 ) ( 24 ,  1.61 ) ( 25 ,  1.67 ) ( 26 ,  1.62 ) ( 27 ,  1.52 ) ( 28 ,  1.54 ) ( 29 ,  1.5 ) ( 30 ,  1.44 ) ( 31 ,  1.35 ) ( 32 ,  1.39 ) ( 33 ,  1.35 ) ( 34 ,  1.28 ) ( 35 ,  1.17 ) ( 36 ,  1.22 ) ( 37 ,  1.32 ) ( 38 ,  1.21 ) ( 39 ,  1.24 ) ( 40 ,  1.19 ) ( 41 ,  1.1 ) ( 42 ,  1.22 ) ( 43 ,  1.08 ) ( 44 ,  1.2 ) ( 45 ,  1.05 ) ( 46 ,  1.07 ) ( 47 ,  1.01 ) ( 48 ,  1.06 ) ( 49 ,  1.01 ) ( 50 ,  1 ) ( 51 ,  1.01 ) ( 52 ,  1.02 ) ( 53 ,  0.95 ) ( 54 ,  0.94 ) ( 55 ,  0.88 ) ( 56 ,  0.95 ) ( 57 ,  0.91 ) ( 58 ,  0.92 ) ( 59 ,  0.9 ) ( 60 ,  0.85 ) ( 61 ,  0.77 ) ( 62 ,  0.85 ) ( 63 ,  0.79 ) ( 64 ,  0.81 ) ( 65 ,  0.73 ) ( 66 ,  0.76 ) ( 67 ,  0.72 ) ( 68 ,  0.72 ) ( 69 ,  0.77 ) ( 70 ,  0.67 ) ( 71 ,  0.71 ) ( 72 ,  0.6 ) ( 73 ,  0.58 ) ( 74 ,  0.59 ) ( 75 ,  0.6 ) ( 76 ,  0.66 ) ( 77 ,  0.5 ) ( 78 ,  0.57 ) ( 79 ,  0.57 ) ( 80 ,  0.52 ) ( 81 ,  0.45 ) ( 82 ,  0.48 ) ( 83 ,  0.55 ) ( 84 ,  0.49 ) ( 85 ,  0.5 ) ( 86 ,  0.46 ) ( 87 ,  0.53 ) ( 88 ,  0.45 ) ( 89 ,  0.48 ) ( 90 ,  0.49 ) ( 91 ,  0.48 ) ( 92 ,  0.48 ) ( 93 ,  0.46 ) ( 94 ,  0.44 ) ( 95 ,  0.4 ) ( 96 ,  0.37 ) ( 97 ,  0.41 ) ( 98 ,  0.4 ) ( 99 ,  0.42 ) 
( 1 ,  27.05 ) ( 2 ,  16.45 ) ( 3 ,  12.96 ) ( 4 ,  11 ) ( 5 ,  9.48 ) ( 6 ,  7.76 ) ( 7 ,  6.05 ) ( 8 ,  4.91 ) ( 9 ,  4.34 ) 
( 0 ,  11.56 ) ( 1 ,  10.81 ) ( 2 ,  10.75 ) ( 3 ,  10.22 ) ( 4 ,  10.31 ) ( 5 ,  9.59 ) ( 6 ,  9.68 ) ( 7 ,  9.25 ) ( 8 ,  8.95 ) ( 9 ,  8.87 ) 

        K-S Test for Benford Distribution

data:  limitated_num
D = 4.0938, p-value < 2.2e-16


        K-S Test for Benford Distribution

data:  limitated_num
D = 4.1326, p-value < 2.2e-16


        Chi-Square Test for Benford Distribution

data:  limitated_num
chisq = 105.68, p-value < 2.2e-16


        Chi-Square Test for Benford Distribution

data:  limitated_num
chisq = 135.37, p-value = 0.001122


XXXXXXXXXXXXXXXXXXXXXXXXXXXXXXXXXXXXXXXXXXXXXXXXXXXXXXXXXXXXXXXXXXXXXXXXXXXXXXX

australia

mean =  2407.294 
median =  237.505 
skewness =  18.58547 
[1] 28.037775 18.048269 14.239244  8.677859  6.988458  7.376705  6.107030
[8]  4.910808  5.613851
 [1] 0.0000000 0.0000000 0.0000000 0.0000000 0.0000000 0.0000000 0.0000000
 [8] 0.0000000 0.0000000 3.9349423 3.5466946 3.7250787 2.7387198 2.6862539
[15] 2.6757608 2.4449108 2.1825813 1.9517314 2.1511018 2.0566632 1.8258132
[22] 2.0671563 1.8363064 1.7523610 1.7628541 1.8153200 1.6474292 1.6684155
[29] 1.6159496 1.5949633 1.4690451 1.9832109 1.4585519 1.5424974 1.4060860
[36] 1.3116474 1.3221406 1.0178384 1.1332634 1.1857293 0.8709339 0.8184680
[43] 0.9443861 0.8919203 0.8604407 0.7555089 0.9443861 0.6400839 0.7660021
[50] 0.7240294 0.9024134 0.7450157 0.6610703 0.7450157 0.5561385 0.5561385
[57] 0.6190976 0.6295908 0.8499475 0.6820567 0.7135362 0.7660021 0.8919203
[64] 0.8184680 0.6400839 0.7764953 0.7240294 0.6400839 0.7240294 0.5771249
[71] 0.5456453 0.5876180 0.5036726 0.6820567 0.8184680 0.6610703 0.5456453
[78] 0.6190976 0.5666317 0.6086044 0.5351522 0.5036726 0.5771249 0.5771249
[85] 0.3567681 0.4407135 0.4721931 0.4721931 0.3672613 0.6820567 0.6400839
[92] 0.5876180 0.6190976 0.5036726 0.5561385 0.4512067 0.6400839 0.5036726
[99] 0.4302204
( 10 ,  3.93 ) ( 11 ,  3.55 ) ( 12 ,  3.73 ) ( 13 ,  2.74 ) ( 14 ,  2.69 ) ( 15 ,  2.68 ) ( 16 ,  2.44 ) ( 17 ,  2.18 ) ( 18 ,  1.95 ) ( 19 ,  2.15 ) ( 20 ,  2.06 ) ( 21 ,  1.83 ) ( 22 ,  2.07 ) ( 23 ,  1.84 ) ( 24 ,  1.75 ) ( 25 ,  1.76 ) ( 26 ,  1.82 ) ( 27 ,  1.65 ) ( 28 ,  1.67 ) ( 29 ,  1.62 ) ( 30 ,  1.59 ) ( 31 ,  1.47 ) ( 32 ,  1.98 ) ( 33 ,  1.46 ) ( 34 ,  1.54 ) ( 35 ,  1.41 ) ( 36 ,  1.31 ) ( 37 ,  1.32 ) ( 38 ,  1.02 ) ( 39 ,  1.13 ) ( 40 ,  1.19 ) ( 41 ,  0.87 ) ( 42 ,  0.82 ) ( 43 ,  0.94 ) ( 44 ,  0.89 ) ( 45 ,  0.86 ) ( 46 ,  0.76 ) ( 47 ,  0.94 ) ( 48 ,  0.64 ) ( 49 ,  0.77 ) ( 50 ,  0.72 ) ( 51 ,  0.9 ) ( 52 ,  0.75 ) ( 53 ,  0.66 ) ( 54 ,  0.75 ) ( 55 ,  0.56 ) ( 56 ,  0.56 ) ( 57 ,  0.62 ) ( 58 ,  0.63 ) ( 59 ,  0.85 ) ( 60 ,  0.68 ) ( 61 ,  0.71 ) ( 62 ,  0.77 ) ( 63 ,  0.89 ) ( 64 ,  0.82 ) ( 65 ,  0.64 ) ( 66 ,  0.78 ) ( 67 ,  0.72 ) ( 68 ,  0.64 ) ( 69 ,  0.72 ) ( 70 ,  0.58 ) ( 71 ,  0.55 ) ( 72 ,  0.59 ) ( 73 ,  0.5 ) ( 74 ,  0.68 ) ( 75 ,  0.82 ) ( 76 ,  0.66 ) ( 77 ,  0.55 ) ( 78 ,  0.62 ) ( 79 ,  0.57 ) ( 80 ,  0.61 ) ( 81 ,  0.54 ) ( 82 ,  0.5 ) ( 83 ,  0.58 ) ( 84 ,  0.58 ) ( 85 ,  0.36 ) ( 86 ,  0.44 ) ( 87 ,  0.47 ) ( 88 ,  0.47 ) ( 89 ,  0.37 ) ( 90 ,  0.68 ) ( 91 ,  0.64 ) ( 92 ,  0.59 ) ( 93 ,  0.62 ) ( 94 ,  0.5 ) ( 95 ,  0.56 ) ( 96 ,  0.45 ) ( 97 ,  0.64 ) ( 98 ,  0.5 ) ( 99 ,  0.43 ) 
( 1 ,  28.04 ) ( 2 ,  18.05 ) ( 3 ,  14.24 ) ( 4 ,  8.68 ) ( 5 ,  6.99 ) ( 6 ,  7.38 ) ( 7 ,  6.11 ) ( 8 ,  4.91 ) ( 9 ,  5.61 ) 
( 0 ,  12.05 ) ( 1 ,  11.05 ) ( 2 ,  11.78 ) ( 3 ,  10.23 ) ( 4 ,  10.2 ) ( 5 ,  9.63 ) ( 6 ,  9.21 ) ( 7 ,  9.1 ) ( 8 ,  8.14 ) ( 9 ,  8.6 ) 

        K-S Test for Benford Distribution

data:  limitated_num
D = 1.9878, p-value = 1e-04


        K-S Test for Benford Distribution

data:  limitated_num
D = 2.2398, p-value = 1e-04


        Chi-Square Test for Benford Distribution

data:  limitated_num
chisq = 93.246, p-value < 2.2e-16


        Chi-Square Test for Benford Distribution

data:  limitated_num
chisq = 208.86, p-value = 1.237e-11


XXXXXXXXXXXXXXXXXXXXXXXXXXXXXXXXXXXXXXXXXXXXXXXXXXXXXXXXXXXXXXXXXXXXXXXXXXXXXXX

reino unido

mean =  5943.163 
median =  856.92 
skewness =  59.11221 
[1] 21.236778 16.981286 16.452400 13.279089 10.122050  7.038242  5.882832
[8]  5.183076  3.824247
 [1] 0.0000000 0.0000000 0.0000000 0.0000000 0.0000000 0.0000000 0.0000000
 [8] 0.0000000 0.0000000 3.3360456 2.9698942 2.3270952 2.2620016 2.0748576
[15] 1.7900732 1.8307567 1.7005696 1.4401953 1.5052889 1.3832384 1.3669650
[22] 1.5947925 1.2611880 1.2611880 2.2701383 2.1724980 2.0016273 1.8958503
[29] 1.7737998 1.7331164 1.7819365 1.9039870 1.6842962 1.6761595 1.7168430
[36] 1.7168430 1.5052889 1.3262815 1.4076485 1.2937347 1.5459723 1.3669650
[43] 1.5134255 1.3425549 1.3832384 1.2042311 1.3588283 1.0496338 1.2205045
[50] 1.1879577 1.1879577 0.9601302 0.9113100 0.9194467 1.1635476 0.9357201
[57] 1.1716843 0.8624898 0.8218063 0.8136697 0.7485761 0.7323027 0.6427990
[64] 0.8868999 0.8380797 0.5777055 0.5126119 0.6265256 0.6590724 0.5777055
[71] 0.6183889 0.6102522 0.5126119 0.6102522 0.5777055 0.5370220 0.6265256
[78] 0.5939788 0.6183889 0.6590724 0.5777055 0.4800651 0.4637917 0.5532954
[85] 0.3986981 0.5858421 0.4556550 0.4231082 0.5858421 0.5044752 0.3580146
[92] 0.4475183 0.3498779 0.4068348 0.3010578 0.3580146 0.3580146 0.3091945
[99] 0.4312449
( 10 ,  3.34 ) ( 11 ,  2.97 ) ( 12 ,  2.33 ) ( 13 ,  2.26 ) ( 14 ,  2.07 ) ( 15 ,  1.79 ) ( 16 ,  1.83 ) ( 17 ,  1.7 ) ( 18 ,  1.44 ) ( 19 ,  1.51 ) ( 20 ,  1.38 ) ( 21 ,  1.37 ) ( 22 ,  1.59 ) ( 23 ,  1.26 ) ( 24 ,  1.26 ) ( 25 ,  2.27 ) ( 26 ,  2.17 ) ( 27 ,  2 ) ( 28 ,  1.9 ) ( 29 ,  1.77 ) ( 30 ,  1.73 ) ( 31 ,  1.78 ) ( 32 ,  1.9 ) ( 33 ,  1.68 ) ( 34 ,  1.68 ) ( 35 ,  1.72 ) ( 36 ,  1.72 ) ( 37 ,  1.51 ) ( 38 ,  1.33 ) ( 39 ,  1.41 ) ( 40 ,  1.29 ) ( 41 ,  1.55 ) ( 42 ,  1.37 ) ( 43 ,  1.51 ) ( 44 ,  1.34 ) ( 45 ,  1.38 ) ( 46 ,  1.2 ) ( 47 ,  1.36 ) ( 48 ,  1.05 ) ( 49 ,  1.22 ) ( 50 ,  1.19 ) ( 51 ,  1.19 ) ( 52 ,  0.96 ) ( 53 ,  0.91 ) ( 54 ,  0.92 ) ( 55 ,  1.16 ) ( 56 ,  0.94 ) ( 57 ,  1.17 ) ( 58 ,  0.86 ) ( 59 ,  0.82 ) ( 60 ,  0.81 ) ( 61 ,  0.75 ) ( 62 ,  0.73 ) ( 63 ,  0.64 ) ( 64 ,  0.89 ) ( 65 ,  0.84 ) ( 66 ,  0.58 ) ( 67 ,  0.51 ) ( 68 ,  0.63 ) ( 69 ,  0.66 ) ( 70 ,  0.58 ) ( 71 ,  0.62 ) ( 72 ,  0.61 ) ( 73 ,  0.51 ) ( 74 ,  0.61 ) ( 75 ,  0.58 ) ( 76 ,  0.54 ) ( 77 ,  0.63 ) ( 78 ,  0.59 ) ( 79 ,  0.62 ) ( 80 ,  0.66 ) ( 81 ,  0.58 ) ( 82 ,  0.48 ) ( 83 ,  0.46 ) ( 84 ,  0.55 ) ( 85 ,  0.4 ) ( 86 ,  0.59 ) ( 87 ,  0.46 ) ( 88 ,  0.42 ) ( 89 ,  0.59 ) ( 90 ,  0.5 ) ( 91 ,  0.36 ) ( 92 ,  0.45 ) ( 93 ,  0.35 ) ( 94 ,  0.41 ) ( 95 ,  0.3 ) ( 96 ,  0.36 ) ( 97 ,  0.36 ) ( 98 ,  0.31 ) ( 99 ,  0.43 ) 
( 1 ,  21.24 ) ( 2 ,  16.98 ) ( 3 ,  16.45 ) ( 4 ,  13.28 ) ( 5 ,  10.12 ) ( 6 ,  7.04 ) ( 7 ,  5.88 ) ( 8 ,  5.18 ) ( 9 ,  3.82 ) 
( 0 ,  11.49 ) ( 1 ,  11.16 ) ( 2 ,  10.42 ) ( 3 ,  9.6 ) ( 4 ,  9.73 ) ( 5 ,  10.44 ) ( 6 ,  9.92 ) ( 7 ,  9.69 ) ( 8 ,  8.53 ) ( 9 ,  9.02 ) 

        K-S Test for Benford Distribution

data:  limitated_num
D = 9.3728, p-value < 2.2e-16


        K-S Test for Benford Distribution

data:  limitated_num
D = 11.594, p-value < 2.2e-16


        Chi-Square Test for Benford Distribution

data:  limitated_num
chisq = 594.36, p-value < 2.2e-16


        Chi-Square Test for Benford Distribution

data:  limitated_num
chisq = 828.58, p-value < 2.2e-16



XXXXXXXXXXXXXXXXXXXXXXXXXXXXXXXXXXXXXXXXXXXXXXXXXXXXXXXXXXXXXXXXXXXXXXXXXXXXXXX

suica

mean =  119035986 
median =  2745233 
skewness =  18.59184 
[1] 28.174937 18.250631 13.793103  8.494533  8.746846  5.382675  6.560135
[8]  5.803196  4.793944
 [1] 0.00000000 0.00000000 0.00000000 0.00000000 0.00000000 0.00000000
 [7] 0.00000000 0.00000000 0.00000000 3.11185870 3.86879731 3.28006728
[13] 2.52312868 2.52312868 3.02775442 2.10260723 2.18671152 2.85954584
[19] 2.69133726 1.93439865 1.76619008 2.27081581 1.34566863 1.76619008
[25] 2.27081581 1.42977292 1.93439865 1.26156434 2.27081581 1.42977292
[31] 1.26156434 1.68208579 1.17746005 1.42977292 1.51387721 1.59798150
[37] 1.00925147 1.34566863 1.34566863 0.50462574 0.58873003 0.84104289
[43] 1.09335576 1.59798150 0.75693860 0.25231287 0.58873003 1.00925147
[49] 1.26156434 1.42977292 1.00925147 0.58873003 1.09335576 1.17746005
[55] 0.42052145 0.92514718 0.75693860 0.84104289 0.50462574 0.50462574
[61] 0.84104289 0.25231287 0.50462574 0.67283431 0.50462574 0.50462574
[67] 0.33641716 0.58873003 0.67283431 0.58873003 0.75693860 0.33641716
[73] 0.33641716 1.00925147 0.84104289 0.67283431 0.42052145 0.84104289
[79] 0.75693860 0.75693860 0.33641716 0.84104289 0.67283431 0.50462574
[85] 0.42052145 0.58873003 0.42052145 0.42052145 0.84104289 0.84104289
[91] 0.42052145 0.75693860 0.16820858 0.33641716 0.33641716 0.08410429
[97] 0.16820858 0.75693860 0.92514718
( 10 ,  3.11 ) ( 11 ,  3.87 ) ( 12 ,  3.28 ) ( 13 ,  2.52 ) ( 14 ,  2.52 ) ( 15 ,  3.03 ) ( 16 ,  2.1 ) ( 17 ,  2.19 ) ( 18 ,  2.86 ) ( 19 ,  2.69 ) ( 20 ,  1.93 ) ( 21 ,  1.77 ) ( 22 ,  2.27 ) ( 23 ,  1.35 ) ( 24 ,  1.77 ) ( 25 ,  2.27 ) ( 26 ,  1.43 ) ( 27 ,  1.93 ) ( 28 ,  1.26 ) ( 29 ,  2.27 ) ( 30 ,  1.43 ) ( 31 ,  1.26 ) ( 32 ,  1.68 ) ( 33 ,  1.18 ) ( 34 ,  1.43 ) ( 35 ,  1.51 ) ( 36 ,  1.6 ) ( 37 ,  1.01 ) ( 38 ,  1.35 ) ( 39 ,  1.35 ) ( 40 ,  0.5 ) ( 41 ,  0.59 ) ( 42 ,  0.84 ) ( 43 ,  1.09 ) ( 44 ,  1.6 ) ( 45 ,  0.76 ) ( 46 ,  0.25 ) ( 47 ,  0.59 ) ( 48 ,  1.01 ) ( 49 ,  1.26 ) ( 50 ,  1.43 ) ( 51 ,  1.01 ) ( 52 ,  0.59 ) ( 53 ,  1.09 ) ( 54 ,  1.18 ) ( 55 ,  0.42 ) ( 56 ,  0.93 ) ( 57 ,  0.76 ) ( 58 ,  0.84 ) ( 59 ,  0.5 ) ( 60 ,  0.5 ) ( 61 ,  0.84 ) ( 62 ,  0.25 ) ( 63 ,  0.5 ) ( 64 ,  0.67 ) ( 65 ,  0.5 ) ( 66 ,  0.5 ) ( 67 ,  0.34 ) ( 68 ,  0.59 ) ( 69 ,  0.67 ) ( 70 ,  0.59 ) ( 71 ,  0.76 ) ( 72 ,  0.34 ) ( 73 ,  0.34 ) ( 74 ,  1.01 ) ( 75 ,  0.84 ) ( 76 ,  0.67 ) ( 77 ,  0.42 ) ( 78 ,  0.84 ) ( 79 ,  0.76 ) ( 80 ,  0.76 ) ( 81 ,  0.34 ) ( 82 ,  0.84 ) ( 83 ,  0.67 ) ( 84 ,  0.5 ) ( 85 ,  0.42 ) ( 86 ,  0.59 ) ( 87 ,  0.42 ) ( 88 ,  0.42 ) ( 89 ,  0.84 ) ( 90 ,  0.84 ) ( 91 ,  0.42 ) ( 92 ,  0.76 ) ( 93 ,  0.17 ) ( 94 ,  0.34 ) ( 95 ,  0.34 ) ( 96 ,  0.08 ) ( 97 ,  0.17 ) ( 98 ,  0.76 ) ( 99 ,  0.93 ) 
( 1 ,  28.17 ) ( 2 ,  18.25 ) ( 3 ,  13.79 ) ( 4 ,  8.49 ) ( 5 ,  8.75 ) ( 6 ,  5.38 ) ( 7 ,  6.56 ) ( 8 ,  5.8 ) ( 9 ,  4.79 ) 
( 0 ,  11.1 ) ( 1 ,  10.85 ) ( 2 ,  10.85 ) ( 3 ,  8.92 ) ( 4 ,  11.02 ) ( 5 ,  10.09 ) ( 6 ,  8.16 ) ( 7 ,  7.82 ) ( 8 ,  9.92 ) ( 9 ,  11.27 ) 

        K-S Test for Benford Distribution

data:  limitated_num
D = 1.8446, p-value = 4e-04


        K-S Test for Benford Distribution

data:  limitated_num
D = 2.8312, p-value < 2.2e-16


        Chi-Square Test for Benford Distribution

data:  limitated_num
chisq = 96.21, p-value < 2.2e-16


        Chi-Square Test for Benford Distribution

data:  limitated_num
chisq = 946.31, p-value < 2.2e-16


XXXXXXXXXXXXXXXXXXXXXXXXXXXXXXXXXXXXXXXXXXXXXXXXXXXXXXXXXXXXXXXXXXXXXXXXXXXXXXX

franca

mean =  13473213 
median =  1583600 
skewness =  10.6815 
[1] 30.797774 19.109462 10.760668  7.977737  7.792208  6.864564  6.493506
[8]  5.380334  4.823748
 [1] 0.0000000 0.0000000 0.0000000 0.0000000 0.0000000 0.0000000 0.0000000
 [8] 0.0000000 0.0000000 2.9684601 2.7829314 4.6382189 3.1539889 4.2671614
[15] 3.1539889 2.7829314 2.2263451 3.1539889 1.6697588 2.4118738 3.7105751
[22] 2.2263451 0.9276438 1.8552876 2.2263451 1.1131725 1.4842301 1.8552876
[29] 1.2987013 1.4842301 1.1131725 1.1131725 1.6697588 0.7421150 1.4842301
[36] 1.4842301 0.3710575 0.5565863 0.7421150 1.2987013 0.3710575 1.4842301
[43] 0.7421150 0.9276438 0.9276438 0.9276438 0.7421150 0.5565863 0.0000000
[50] 1.1131725 0.5565863 0.9276438 0.7421150 0.1855288 1.1131725 0.5565863
[57] 0.7421150 1.1131725 0.7421150 0.7421150 0.7421150 1.2987013 0.5565863
[64] 0.1855288 0.7421150 0.7421150 0.9276438 0.3710575 0.5565863 1.2987013
[71] 0.3710575 0.5565863 0.9276438 0.3710575 0.7421150 0.7421150 0.9276438
[78] 0.1855288 0.3710575 1.1131725 0.5565863 0.7421150 0.7421150 0.5565863
[85] 0.3710575 0.5565863 0.3710575 0.1855288 0.1855288 0.7421150 0.1855288
[92] 0.5565863 0.7421150 0.7421150 0.5565863 0.3710575 0.1855288 0.1855288
[99] 0.5565863
( 10 ,  2.97 ) ( 11 ,  2.78 ) ( 12 ,  4.64 ) ( 13 ,  3.15 ) ( 14 ,  4.27 ) ( 15 ,  3.15 ) ( 16 ,  2.78 ) ( 17 ,  2.23 ) ( 18 ,  3.15 ) ( 19 ,  1.67 ) ( 20 ,  2.41 ) ( 21 ,  3.71 ) ( 22 ,  2.23 ) ( 23 ,  0.93 ) ( 24 ,  1.86 ) ( 25 ,  2.23 ) ( 26 ,  1.11 ) ( 27 ,  1.48 ) ( 28 ,  1.86 ) ( 29 ,  1.3 ) ( 30 ,  1.48 ) ( 31 ,  1.11 ) ( 32 ,  1.11 ) ( 33 ,  1.67 ) ( 34 ,  0.74 ) ( 35 ,  1.48 ) ( 36 ,  1.48 ) ( 37 ,  0.37 ) ( 38 ,  0.56 ) ( 39 ,  0.74 ) ( 40 ,  1.3 ) ( 41 ,  0.37 ) ( 42 ,  1.48 ) ( 43 ,  0.74 ) ( 44 ,  0.93 ) ( 45 ,  0.93 ) ( 46 ,  0.93 ) ( 47 ,  0.74 ) ( 48 ,  0.56 ) ( 49 ,  0 ) ( 50 ,  1.11 ) ( 51 ,  0.56 ) ( 52 ,  0.93 ) ( 53 ,  0.74 ) ( 54 ,  0.19 ) ( 55 ,  1.11 ) ( 56 ,  0.56 ) ( 57 ,  0.74 ) ( 58 ,  1.11 ) ( 59 ,  0.74 ) ( 60 ,  0.74 ) ( 61 ,  0.74 ) ( 62 ,  1.3 ) ( 63 ,  0.56 ) ( 64 ,  0.19 ) ( 65 ,  0.74 ) ( 66 ,  0.74 ) ( 67 ,  0.93 ) ( 68 ,  0.37 ) ( 69 ,  0.56 ) ( 70 ,  1.3 ) ( 71 ,  0.37 ) ( 72 ,  0.56 ) ( 73 ,  0.93 ) ( 74 ,  0.37 ) ( 75 ,  0.74 ) ( 76 ,  0.74 ) ( 77 ,  0.93 ) ( 78 ,  0.19 ) ( 79 ,  0.37 ) ( 80 ,  1.11 ) ( 81 ,  0.56 ) ( 82 ,  0.74 ) ( 83 ,  0.74 ) ( 84 ,  0.56 ) ( 85 ,  0.37 ) ( 86 ,  0.56 ) ( 87 ,  0.37 ) ( 88 ,  0.19 ) ( 89 ,  0.19 ) ( 90 ,  0.74 ) ( 91 ,  0.19 ) ( 92 ,  0.56 ) ( 93 ,  0.74 ) ( 94 ,  0.74 ) ( 95 ,  0.56 ) ( 96 ,  0.37 ) ( 97 ,  0.19 ) ( 98 ,  0.19 ) ( 99 ,  0.56 ) 
( 1 ,  30.8 ) ( 2 ,  19.11 ) ( 3 ,  10.76 ) ( 4 ,  7.98 ) ( 5 ,  7.79 ) ( 6 ,  6.86 ) ( 7 ,  6.49 ) ( 8 ,  5.38 ) ( 9 ,  4.82 ) 
( 0 ,  13.17 ) ( 1 ,  10.39 ) ( 2 ,  13.54 ) ( 3 ,  10.2 ) ( 4 ,  9.83 ) ( 5 ,  11.32 ) ( 6 ,  9.28 ) ( 7 ,  7.98 ) ( 8 ,  8.16 ) ( 9 ,  6.12 ) 

        K-S Test for Benford Distribution

data:  limitated_num
D = 2.2784, p-value < 2.2e-16


        K-S Test for Benford Distribution

data:  limitated_num
D = 3.0543, p-value < 2.2e-16


        Chi-Square Test for Benford Distribution

data:  limitated_num
chisq = 79.718, p-value = 5.573e-14


        Chi-Square Test for Benford Distribution

data:  limitated_num
chisq = 1394.6, p-value < 2.2e-16



XXXXXXXXXXXXXXXXXXXXXXXXXXXXXXXXXXXXXXXXXXXXXXXXXXXXXXXXXXXXXXXXXXXXXXXXXXXXXXX

mexico

mean =  1237542 
median =  451548.6 
skewness =  139.3465 
[1] 29.057953 16.932186 12.498416  9.960719  7.958669  6.822292  6.114433
[8]  5.429611  5.225144
 [1] 0.0000000 0.0000000 0.0000000 0.0000000 0.0000000 0.0000000 0.0000000
 [8] 0.0000000 0.0000000 4.0075566 3.6089896 3.2086948 3.0261142 3.1493705
[15] 2.5941413 2.3741231 2.2894564 2.0832613 2.7162456 1.9738282 1.8488440
[22] 1.6835424 1.6685673 1.9409983 1.5792929 1.4905945 1.4543088 1.3794335
[29] 1.9127760 1.3466035 1.2976466 1.2838235 1.1726625 1.4761954 1.1853337
[36] 1.1692067 1.0574697 1.0972112 1.4122634 0.9998733 1.0073608 0.9382452
[43] 0.9578279 1.1098824 0.9422769 0.8414832 0.8961998 0.8823767 1.3851931
[50] 0.8276601 0.7850388 0.7579685 0.7360818 0.8092292 0.8236283 0.6951884
[57] 0.7452973 0.7320501 1.0465264 0.6842451 0.6427757 0.6698460 0.6727258
[64] 0.7504809 0.6934605 0.6329843 0.6174333 0.6266487 0.8316918 0.5863312
[71] 0.6208891 0.6076419 0.5846033 0.7061317 0.5598369 0.5385262 0.5454378
[78] 0.5517734 0.8132610 0.5765398 0.5644446 0.5218233 0.5293108 0.5615648
[85] 0.5431339 0.4912972 0.4987847 0.5039684 0.6387439 0.4601951 0.4135421
[92] 0.4613471 0.4123901 0.4751702 0.4463720 0.4406124 0.4947530 0.5776918
[99] 1.0430706
( 10 ,  4.01 ) ( 11 ,  3.61 ) ( 12 ,  3.21 ) ( 13 ,  3.03 ) ( 14 ,  3.15 ) ( 15 ,  2.59 ) ( 16 ,  2.37 ) ( 17 ,  2.29 ) ( 18 ,  2.08 ) ( 19 ,  2.72 ) ( 20 ,  1.97 ) ( 21 ,  1.85 ) ( 22 ,  1.68 ) ( 23 ,  1.67 ) ( 24 ,  1.94 ) ( 25 ,  1.58 ) ( 26 ,  1.49 ) ( 27 ,  1.45 ) ( 28 ,  1.38 ) ( 29 ,  1.91 ) ( 30 ,  1.35 ) ( 31 ,  1.3 ) ( 32 ,  1.28 ) ( 33 ,  1.17 ) ( 34 ,  1.48 ) ( 35 ,  1.19 ) ( 36 ,  1.17 ) ( 37 ,  1.06 ) ( 38 ,  1.1 ) ( 39 ,  1.41 ) ( 40 ,  1 ) ( 41 ,  1.01 ) ( 42 ,  0.94 ) ( 43 ,  0.96 ) ( 44 ,  1.11 ) ( 45 ,  0.94 ) ( 46 ,  0.84 ) ( 47 ,  0.9 ) ( 48 ,  0.88 ) ( 49 ,  1.39 ) ( 50 ,  0.83 ) ( 51 ,  0.79 ) ( 52 ,  0.76 ) ( 53 ,  0.74 ) ( 54 ,  0.81 ) ( 55 ,  0.82 ) ( 56 ,  0.7 ) ( 57 ,  0.75 ) ( 58 ,  0.73 ) ( 59 ,  1.05 ) ( 60 ,  0.68 ) ( 61 ,  0.64 ) ( 62 ,  0.67 ) ( 63 ,  0.67 ) ( 64 ,  0.75 ) ( 65 ,  0.69 ) ( 66 ,  0.63 ) ( 67 ,  0.62 ) ( 68 ,  0.63 ) ( 69 ,  0.83 ) ( 70 ,  0.59 ) ( 71 ,  0.62 ) ( 72 ,  0.61 ) ( 73 ,  0.58 ) ( 74 ,  0.71 ) ( 75 ,  0.56 ) ( 76 ,  0.54 ) ( 77 ,  0.55 ) ( 78 ,  0.55 ) ( 79 ,  0.81 ) ( 80 ,  0.58 ) ( 81 ,  0.56 ) ( 82 ,  0.52 ) ( 83 ,  0.53 ) ( 84 ,  0.56 ) ( 85 ,  0.54 ) ( 86 ,  0.49 ) ( 87 ,  0.5 ) ( 88 ,  0.5 ) ( 89 ,  0.64 ) ( 90 ,  0.46 ) ( 91 ,  0.41 ) ( 92 ,  0.46 ) ( 93 ,  0.41 ) ( 94 ,  0.48 ) ( 95 ,  0.45 ) ( 96 ,  0.44 ) ( 97 ,  0.49 ) ( 98 ,  0.58 ) ( 99 ,  1.04 ) 
( 1 ,  29.06 ) ( 2 ,  16.93 ) ( 3 ,  12.5 ) ( 4 ,  9.96 ) ( 5 ,  7.96 ) ( 6 ,  6.82 ) ( 7 ,  6.11 ) ( 8 ,  5.43 ) ( 9 ,  5.23 ) 
( 0 ,  11.46 ) ( 1 ,  10.79 ) ( 2 ,  10.13 ) ( 3 ,  9.76 ) ( 4 ,  10.98 ) ( 5 ,  9.37 ) ( 6 ,  8.67 ) ( 7 ,  8.6 ) ( 8 ,  8.43 ) ( 9 ,  11.8 ) 

        K-S Test for Benford Distribution

data:  limitated_num
D = 1.617, p-value = 0.0023


        K-S Test for Benford Distribution

data:  limitated_num
D = 2.0628, p-value = 1e-04


        Chi-Square Test for Benford Distribution

data:  limitated_num
chisq = 18.368, p-value = 0.01863


        Chi-Square Test for Benford Distribution

data:  limitated_num
chisq = 238.62, p-value = 1.332e-15


XXXXXXXXXXXXXXXXXXXXXXXXXXXXXXXXXXXXXXXXXXXXXXXXXXXXXXXXXXXXXXXXXXXXXXXXXXXXXXX

uruguai

mean =  5045577 
median =  114166 
skewness =  37.08979 
[1] 30.856386 17.142437 12.831077 10.005886  7.886992  6.680400  5.459094
[8]  4.679223  4.458505
 [1] 0.0000000 0.0000000 0.0000000 0.0000000 0.0000000 0.0000000 0.0000000
 [8] 0.0000000 0.0000000 4.3407887 3.9729253 3.3696292 3.4284873 3.1636257
[15] 2.5456151 2.7221895 2.6339023 2.2366098 2.4426133 2.1336080 2.0600353
[22] 1.8246027 1.6774573 1.9570335 1.9128899 1.3243084 1.3831666 1.4420247
[29] 1.4273102 1.2507357 1.4861683 1.6480283 1.4125956 1.4567393 1.1624485
[36] 1.1771630 0.9858740 1.2948793 0.9564450 0.8975868 0.9417304 0.9270159
[43] 1.1183049 0.8828723 1.1771630 1.0594467 1.0153031 1.0741613 0.9123014
[50] 0.7504414 0.7798705 1.0153031 0.8534432 0.9711595 0.5150088 0.8534432
[57] 0.7504414 0.7062978 0.6915833 0.7357269 0.5150088 0.6032961 0.7798705
[64] 0.7062978 0.6621542 0.5885815 0.7210124 0.6327251 0.7357269 0.4708652
[71] 0.6180106 0.5297234 0.7062978 0.5591524 0.5738670 0.5444379 0.3825780
[78] 0.5738670 0.5002943 0.6032961 0.5002943 0.5591524 0.5002943 0.4414361
[85] 0.5591524 0.4414361 0.2942908 0.3384344 0.4414361 0.4855798 0.5150088
[92] 0.4414361 0.3384344 0.5297234 0.3972925 0.4708652 0.5150088 0.3678634
[99] 0.3972925
( 10 ,  4.34 ) ( 11 ,  3.97 ) ( 12 ,  3.37 ) ( 13 ,  3.43 ) ( 14 ,  3.16 ) ( 15 ,  2.55 ) ( 16 ,  2.72 ) ( 17 ,  2.63 ) ( 18 ,  2.24 ) ( 19 ,  2.44 ) ( 20 ,  2.13 ) ( 21 ,  2.06 ) ( 22 ,  1.82 ) ( 23 ,  1.68 ) ( 24 ,  1.96 ) ( 25 ,  1.91 ) ( 26 ,  1.32 ) ( 27 ,  1.38 ) ( 28 ,  1.44 ) ( 29 ,  1.43 ) ( 30 ,  1.25 ) ( 31 ,  1.49 ) ( 32 ,  1.65 ) ( 33 ,  1.41 ) ( 34 ,  1.46 ) ( 35 ,  1.16 ) ( 36 ,  1.18 ) ( 37 ,  0.99 ) ( 38 ,  1.29 ) ( 39 ,  0.96 ) ( 40 ,  0.9 ) ( 41 ,  0.94 ) ( 42 ,  0.93 ) ( 43 ,  1.12 ) ( 44 ,  0.88 ) ( 45 ,  1.18 ) ( 46 ,  1.06 ) ( 47 ,  1.02 ) ( 48 ,  1.07 ) ( 49 ,  0.91 ) ( 50 ,  0.75 ) ( 51 ,  0.78 ) ( 52 ,  1.02 ) ( 53 ,  0.85 ) ( 54 ,  0.97 ) ( 55 ,  0.52 ) ( 56 ,  0.85 ) ( 57 ,  0.75 ) ( 58 ,  0.71 ) ( 59 ,  0.69 ) ( 60 ,  0.74 ) ( 61 ,  0.52 ) ( 62 ,  0.6 ) ( 63 ,  0.78 ) ( 64 ,  0.71 ) ( 65 ,  0.66 ) ( 66 ,  0.59 ) ( 67 ,  0.72 ) ( 68 ,  0.63 ) ( 69 ,  0.74 ) ( 70 ,  0.47 ) ( 71 ,  0.62 ) ( 72 ,  0.53 ) ( 73 ,  0.71 ) ( 74 ,  0.56 ) ( 75 ,  0.57 ) ( 76 ,  0.54 ) ( 77 ,  0.38 ) ( 78 ,  0.57 ) ( 79 ,  0.5 ) ( 80 ,  0.6 ) ( 81 ,  0.5 ) ( 82 ,  0.56 ) ( 83 ,  0.5 ) ( 84 ,  0.44 ) ( 85 ,  0.56 ) ( 86 ,  0.44 ) ( 87 ,  0.29 ) ( 88 ,  0.34 ) ( 89 ,  0.44 ) ( 90 ,  0.49 ) ( 91 ,  0.52 ) ( 92 ,  0.44 ) ( 93 ,  0.34 ) ( 94 ,  0.53 ) ( 95 ,  0.4 ) ( 96 ,  0.47 ) ( 97 ,  0.52 ) ( 98 ,  0.37 ) ( 99 ,  0.4 ) 
( 1 ,  30.86 ) ( 2 ,  17.14 ) ( 3 ,  12.83 ) ( 4 ,  10.01 ) ( 5 ,  7.89 ) ( 6 ,  6.68 ) ( 7 ,  5.46 ) ( 8 ,  4.68 ) ( 9 ,  4.46 ) 
( 0 ,  11.67 ) ( 1 ,  11.39 ) ( 2 ,  10.92 ) ( 3 ,  10.82 ) ( 4 ,  10.67 ) ( 5 ,  9.51 ) ( 6 ,  9.18 ) ( 7 ,  8.68 ) ( 8 ,  8.67 ) ( 9 ,  8.51 ) 

        K-S Test for Benford Distribution

data:  limitated_num
D = 1.0458, p-value = 0.0828


        K-S Test for Benford Distribution

data:  limitated_num
D = 1.2748, p-value = 0.0542


        Chi-Square Test for Benford Distribution

data:  limitated_num
chisq = 12.171, p-value = 0.1437


        Chi-Square Test for Benford Distribution

data:  limitated_num
chisq = 138.54, p-value = 0.0006081



XXXXXXXXXXXXXXXXXXXXXXXXXXXXXXXXXXXXXXXXXXXXXXXXXXXXXXXXXXXXXXXXXXXXXXXXXXXXXXX

india

mean =  15207.81 
median =  4349.76 
skewness =  6.065047 
[1] 30.252101 14.565826  9.523810  9.243697  8.403361  8.403361  7.843137
[8]  6.162465  5.602241
 [1] 0.0000000 0.0000000 0.0000000 0.0000000 0.0000000 0.0000000 0.0000000
 [8] 0.0000000 0.0000000 5.6022409 3.0812325 4.7619048 3.0812325 2.5210084
[15] 3.3613445 1.9607843 1.1204482 2.8011204 1.9607843 1.6806723 1.6806723
[22] 1.4005602 1.1204482 1.9607843 0.8403361 1.6806723 1.1204482 0.8403361
[29] 2.2408964 0.2801120 1.1204482 1.1204482 1.4005602 1.1204482 1.1204482
[36] 1.4005602 0.5602241 0.5602241 0.8403361 1.4005602 0.2801120 0.8403361
[43] 1.4005602 0.0000000 0.5602241 1.1204482 0.2801120 2.2408964 1.1204482
[50] 0.2801120 0.8403361 1.6806723 1.1204482 1.4005602 0.8403361 1.4005602
[57] 0.2801120 0.5602241 0.0000000 0.5602241 0.5602241 1.4005602 0.5602241
[64] 1.1204482 1.6806723 0.5602241 0.2801120 0.8403361 0.8403361 0.5602241
[71] 1.4005602 0.8403361 0.2801120 0.5602241 0.8403361 0.2801120 1.9607843
[78] 0.5602241 0.5602241 0.2801120 0.0000000 0.5602241 1.1204482 0.2801120
[85] 0.8403361 1.1204482 1.4005602 0.2801120 0.2801120 0.5602241 0.2801120
[92] 1.4005602 1.6806723 0.2801120 0.0000000 0.0000000 0.2801120 0.5602241
[99] 0.5602241
( 10 ,  5.6 ) ( 11 ,  3.08 ) ( 12 ,  4.76 ) ( 13 ,  3.08 ) ( 14 ,  2.52 ) ( 15 ,  3.36 ) ( 16 ,  1.96 ) ( 17 ,  1.12 ) ( 18 ,  2.8 ) ( 19 ,  1.96 ) ( 20 ,  1.68 ) ( 21 ,  1.68 ) ( 22 ,  1.4 ) ( 23 ,  1.12 ) ( 24 ,  1.96 ) ( 25 ,  0.84 ) ( 26 ,  1.68 ) ( 27 ,  1.12 ) ( 28 ,  0.84 ) ( 29 ,  2.24 ) ( 30 ,  0.28 ) ( 31 ,  1.12 ) ( 32 ,  1.12 ) ( 33 ,  1.4 ) ( 34 ,  1.12 ) ( 35 ,  1.12 ) ( 36 ,  1.4 ) ( 37 ,  0.56 ) ( 38 ,  0.56 ) ( 39 ,  0.84 ) ( 40 ,  1.4 ) ( 41 ,  0.28 ) ( 42 ,  0.84 ) ( 43 ,  1.4 ) ( 44 ,  0 ) ( 45 ,  0.56 ) ( 46 ,  1.12 ) ( 47 ,  0.28 ) ( 48 ,  2.24 ) ( 49 ,  1.12 ) ( 50 ,  0.28 ) ( 51 ,  0.84 ) ( 52 ,  1.68 ) ( 53 ,  1.12 ) ( 54 ,  1.4 ) ( 55 ,  0.84 ) ( 56 ,  1.4 ) ( 57 ,  0.28 ) ( 58 ,  0.56 ) ( 59 ,  0 ) ( 60 ,  0.56 ) ( 61 ,  0.56 ) ( 62 ,  1.4 ) ( 63 ,  0.56 ) ( 64 ,  1.12 ) ( 65 ,  1.68 ) ( 66 ,  0.56 ) ( 67 ,  0.28 ) ( 68 ,  0.84 ) ( 69 ,  0.84 ) ( 70 ,  0.56 ) ( 71 ,  1.4 ) ( 72 ,  0.84 ) ( 73 ,  0.28 ) ( 74 ,  0.56 ) ( 75 ,  0.84 ) ( 76 ,  0.28 ) ( 77 ,  1.96 ) ( 78 ,  0.56 ) ( 79 ,  0.56 ) ( 80 ,  0.28 ) ( 81 ,  0 ) ( 82 ,  0.56 ) ( 83 ,  1.12 ) ( 84 ,  0.28 ) ( 85 ,  0.84 ) ( 86 ,  1.12 ) ( 87 ,  1.4 ) ( 88 ,  0.28 ) ( 89 ,  0.28 ) ( 90 ,  0.56 ) ( 91 ,  0.28 ) ( 92 ,  1.4 ) ( 93 ,  1.68 ) ( 94 ,  0.28 ) ( 95 ,  0 ) ( 96 ,  0 ) ( 97 ,  0.28 ) ( 98 ,  0.56 ) ( 99 ,  0.56 ) 
( 1 ,  30.25 ) ( 2 ,  14.57 ) ( 3 ,  9.52 ) ( 4 ,  9.24 ) ( 5 ,  8.4 ) ( 6 ,  8.4 ) ( 7 ,  7.84 ) ( 8 ,  6.16 ) ( 9 ,  5.6 ) 
( 0 ,  11.2 ) ( 1 ,  9.24 ) ( 2 ,  14.01 ) ( 3 ,  11.76 ) ( 4 ,  9.24 ) ( 5 ,  10.08 ) ( 6 ,  9.52 ) ( 7 ,  7.28 ) ( 8 ,  9.24 ) ( 9 ,  8.4 ) 

        K-S Test for Benford Distribution

data:  limitated_num
D = 6.357, p-value < 2.2e-16


        K-S Test for Benford Distribution

data:  limitated_num
D = 7.9426, p-value < 2.2e-16


        Chi-Square Test for Benford Distribution

data:  limitated_num
chisq = 290.74, p-value < 2.2e-16


        Chi-Square Test for Benford Distribution

data:  limitated_num
chisq = 3230.3, p-value < 2.2e-16



XXXXXXXXXXXXXXXXXXXXXXXXXXXXXXXXXXXXXXXXXXXXXXXXXXXXXXXXXXXXXXXXXXXXXXXXXXXXXXX

russia


mean =  1750206 
median =  132775.1 
skewness =  7.939792 
[1] 31.901840 23.926380  8.588957 10.429448  4.907975  7.361963  7.361963
[8]  3.067485  2.453988
 [1] 0.0000000 0.0000000 0.0000000 0.0000000 0.0000000 0.0000000 0.0000000
 [8] 0.0000000 0.0000000 7.3619632 2.4539877 1.8404908 4.2944785 3.6809816
[15] 1.2269939 2.4539877 1.2269939 1.8404908 5.5214724 1.8404908 4.2944785
[22] 3.0674847 1.8404908 2.4539877 1.8404908 2.4539877 2.4539877 0.6134969
[29] 3.0674847 0.6134969 0.0000000 1.2269939 1.2269939 1.2269939 0.0000000
[36] 1.2269939 0.0000000 1.8404908 1.2269939 1.2269939 0.6134969 1.2269939
[43] 0.6134969 1.8404908 1.2269939 0.0000000 0.6134969 1.8404908 1.2269939
[50] 0.6134969 0.0000000 1.8404908 0.0000000 0.0000000 0.6134969 0.0000000
[57] 0.6134969 0.0000000 1.2269939 1.2269939 0.6134969 0.6134969 0.6134969
[64] 1.2269939 0.6134969 0.0000000 1.2269939 0.0000000 1.2269939 0.0000000
[71] 1.8404908 1.8404908 0.0000000 0.6134969 1.2269939 0.6134969 0.0000000
[78] 0.6134969 0.6134969 0.0000000 0.6134969 0.0000000 0.0000000 0.0000000
[85] 1.2269939 0.0000000 0.6134969 0.0000000 0.6134969 0.0000000 0.0000000
[92] 0.0000000 0.0000000 0.6134969 0.0000000 0.6134969 0.6134969 0.0000000
[99] 0.6134969
( 10 ,  7.36 ) ( 11 ,  2.45 ) ( 12 ,  1.84 ) ( 13 ,  4.29 ) ( 14 ,  3.68 ) ( 15 ,  1.23 ) ( 16 ,  2.45 ) ( 17 ,  1.23 ) ( 18 ,  1.84 ) ( 19 ,  5.52 ) ( 20 ,  1.84 ) ( 21 ,  4.29 ) ( 22 ,  3.07 ) ( 23 ,  1.84 ) ( 24 ,  2.45 ) ( 25 ,  1.84 ) ( 26 ,  2.45 ) ( 27 ,  2.45 ) ( 28 ,  0.61 ) ( 29 ,  3.07 ) ( 30 ,  0.61 ) ( 31 ,  0 ) ( 32 ,  1.23 ) ( 33 ,  1.23 ) ( 34 ,  1.23 ) ( 35 ,  0 ) ( 36 ,  1.23 ) ( 37 ,  0 ) ( 38 ,  1.84 ) ( 39 ,  1.23 ) ( 40 ,  1.23 ) ( 41 ,  0.61 ) ( 42 ,  1.23 ) ( 43 ,  0.61 ) ( 44 ,  1.84 ) ( 45 ,  1.23 ) ( 46 ,  0 ) ( 47 ,  0.61 ) ( 48 ,  1.84 ) ( 49 ,  1.23 ) ( 50 ,  0.61 ) ( 51 ,  0 ) ( 52 ,  1.84 ) ( 53 ,  0 ) ( 54 ,  0 ) ( 55 ,  0.61 ) ( 56 ,  0 ) ( 57 ,  0.61 ) ( 58 ,  0 ) ( 59 ,  1.23 ) ( 60 ,  1.23 ) ( 61 ,  0.61 ) ( 62 ,  0.61 ) ( 63 ,  0.61 ) ( 64 ,  1.23 ) ( 65 ,  0.61 ) ( 66 ,  0 ) ( 67 ,  1.23 ) ( 68 ,  0 ) ( 69 ,  1.23 ) ( 70 ,  0 ) ( 71 ,  1.84 ) ( 72 ,  1.84 ) ( 73 ,  0 ) ( 74 ,  0.61 ) ( 75 ,  1.23 ) ( 76 ,  0.61 ) ( 77 ,  0 ) ( 78 ,  0.61 ) ( 79 ,  0.61 ) ( 80 ,  0 ) ( 81 ,  0.61 ) ( 82 ,  0 ) ( 83 ,  0 ) ( 84 ,  0 ) ( 85 ,  1.23 ) ( 86 ,  0 ) ( 87 ,  0.61 ) ( 88 ,  0 ) ( 89 ,  0.61 ) ( 90 ,  0 ) ( 91 ,  0 ) ( 92 ,  0 ) ( 93 ,  0 ) ( 94 ,  0.61 ) ( 95 ,  0 ) ( 96 ,  0.61 ) ( 97 ,  0.61 ) ( 98 ,  0 ) ( 99 ,  0.61 ) 
( 1 ,  31.9 ) ( 2 ,  23.93 ) ( 3 ,  8.59 ) ( 4 ,  10.43 ) ( 5 ,  4.91 ) ( 6 ,  7.36 ) ( 7 ,  7.36 ) ( 8 ,  3.07 ) ( 9 ,  2.45 ) 
( 0 ,  12.88 ) ( 1 ,  10.43 ) ( 2 ,  11.66 ) ( 3 ,  8.59 ) ( 4 ,  11.66 ) ( 5 ,  7.98 ) ( 6 ,  7.36 ) ( 7 ,  7.36 ) ( 8 ,  6.75 ) ( 9 ,  15.34 ) 

        K-S Test for Benford Distribution

data:  limitated_num
D = 7.9135, p-value < 2.2e-16


        K-S Test for Benford Distribution

data:  limitated_num
D = 7.9135, p-value < 2.2e-16


        Chi-Square Test for Benford Distribution

data:  limitated_num
chisq = 680.49, p-value < 2.2e-16


        Chi-Square Test for Benford Distribution

data:  limitated_num
chisq = 4802.3, p-value < 2.2e-16



XXXXXXXXXXXXXXXXXXXXXXXXXXXXXXXXXXXXXXXXXXXXXXXXXXXXXXXXXXXXXXXXXXXXXXXXXXXXXXX

africa do sul

mean =  24949.6 
median =  2694.5 
skewness =  15.77707 
[1] 29.416283 17.780338 12.365591 10.099846  7.258065  7.066052  5.606759
[8]  5.760369  4.646697
 [1] 0.0000000 0.0000000 0.0000000 0.0000000 0.0000000 0.0000000 0.0000000
 [8] 0.0000000 0.0000000 4.0706605 3.6098310 3.3794163 3.1105991 2.8033794
[15] 2.4193548 2.6881720 2.5729647 2.4961598 2.2657450 2.1121352 1.8817204
[22] 1.8433180 1.6897081 1.9585253 2.1505376 1.5360983 1.7281106 1.3440860
[29] 1.5360983 1.4208909 1.2672811 1.3440860 1.4592934 1.3824885 0.9216590
[36] 1.1904762 0.9984639 1.2672811 1.1136713 1.3824885 1.0368664 0.9984639
[43] 0.9216590 0.9984639 1.1136713 0.8448541 1.0368664 0.9984639 0.7680492
[50] 0.7296467 0.5376344 0.6144393 0.8448541 0.7296467 0.8064516 0.8448541
[57] 0.6912442 0.8064516 0.6528418 0.6912442 0.7296467 0.6912442 0.6144393
[64] 0.8832565 0.4992320 0.5760369 0.6912442 0.6144393 1.0752688 0.7296467
[71] 0.6528418 0.6144393 0.6528418 0.3456221 0.6144393 0.4992320 0.7296467
[78] 0.4224270 0.3456221 0.6528418 0.6528418 0.6912442 0.5376344 0.6528418
[85] 0.5760369 0.4608295 0.5376344 0.4992320 0.4992320 0.4608295 0.4992320
[92] 0.4608295 0.4992320 0.4224270 0.4224270 0.6144393 0.3840246 0.4608295
[99] 0.4224270
( 10 ,  4.07 ) ( 11 ,  3.61 ) ( 12 ,  3.38 ) ( 13 ,  3.11 ) ( 14 ,  2.8 ) ( 15 ,  2.42 ) ( 16 ,  2.69 ) ( 17 ,  2.57 ) ( 18 ,  2.5 ) ( 19 ,  2.27 ) ( 20 ,  2.11 ) ( 21 ,  1.88 ) ( 22 ,  1.84 ) ( 23 ,  1.69 ) ( 24 ,  1.96 ) ( 25 ,  2.15 ) ( 26 ,  1.54 ) ( 27 ,  1.73 ) ( 28 ,  1.34 ) ( 29 ,  1.54 ) ( 30 ,  1.42 ) ( 31 ,  1.27 ) ( 32 ,  1.34 ) ( 33 ,  1.46 ) ( 34 ,  1.38 ) ( 35 ,  0.92 ) ( 36 ,  1.19 ) ( 37 ,  1 ) ( 38 ,  1.27 ) ( 39 ,  1.11 ) ( 40 ,  1.38 ) ( 41 ,  1.04 ) ( 42 ,  1 ) ( 43 ,  0.92 ) ( 44 ,  1 ) ( 45 ,  1.11 ) ( 46 ,  0.84 ) ( 47 ,  1.04 ) ( 48 ,  1 ) ( 49 ,  0.77 ) ( 50 ,  0.73 ) ( 51 ,  0.54 ) ( 52 ,  0.61 ) ( 53 ,  0.84 ) ( 54 ,  0.73 ) ( 55 ,  0.81 ) ( 56 ,  0.84 ) ( 57 ,  0.69 ) ( 58 ,  0.81 ) ( 59 ,  0.65 ) ( 60 ,  0.69 ) ( 61 ,  0.73 ) ( 62 ,  0.69 ) ( 63 ,  0.61 ) ( 64 ,  0.88 ) ( 65 ,  0.5 ) ( 66 ,  0.58 ) ( 67 ,  0.69 ) ( 68 ,  0.61 ) ( 69 ,  1.08 ) ( 70 ,  0.73 ) ( 71 ,  0.65 ) ( 72 ,  0.61 ) ( 73 ,  0.65 ) ( 74 ,  0.35 ) ( 75 ,  0.61 ) ( 76 ,  0.5 ) ( 77 ,  0.73 ) ( 78 ,  0.42 ) ( 79 ,  0.35 ) ( 80 ,  0.65 ) ( 81 ,  0.65 ) ( 82 ,  0.69 ) ( 83 ,  0.54 ) ( 84 ,  0.65 ) ( 85 ,  0.58 ) ( 86 ,  0.46 ) ( 87 ,  0.54 ) ( 88 ,  0.5 ) ( 89 ,  0.5 ) ( 90 ,  0.46 ) ( 91 ,  0.5 ) ( 92 ,  0.46 ) ( 93 ,  0.5 ) ( 94 ,  0.42 ) ( 95 ,  0.42 ) ( 96 ,  0.61 ) ( 97 ,  0.38 ) ( 98 ,  0.46 ) ( 99 ,  0.42 ) 
( 1 ,  29.42 ) ( 2 ,  17.78 ) ( 3 ,  12.37 ) ( 4 ,  10.1 ) ( 5 ,  7.26 ) ( 6 ,  7.07 ) ( 7 ,  5.61 ) ( 8 ,  5.76 ) ( 9 ,  4.65 ) 
( 0 ,  12.25 ) ( 1 ,  10.87 ) ( 2 ,  10.64 ) ( 3 ,  10.33 ) ( 4 ,  10.18 ) ( 5 ,  9.52 ) ( 6 ,  9.25 ) ( 7 ,  9.37 ) ( 8 ,  8.91 ) ( 9 ,  8.68 ) 

        K-S Test for Benford Distribution

data:  limitated_num
D = 0.80904, p-value = 0.2462


        K-S Test for Benford Distribution

data:  limitated_num
D = 0.97848, p-value = 0.2251


        Chi-Square Test for Benford Distribution

data:  limitated_num
chisq = 19.399, p-value = 0.01287


        Chi-Square Test for Benford Distribution

data:  limitated_num
chisq = 184.07, p-value = 1.351e-08



XXXXXXXXXXXXXXXXXXXXXXXXXXXXXXXXXXXXXXXXXXXXXXXXXXXXXXXXXXXXXXXXXXXXXXXXXXXXXXX

portugal

mean =  23468516 
median =  13668673 
skewness =  9.992338 
[1] 34.740260 13.636364  7.467532  5.519481  8.441558  5.519481 10.064935
[8]  6.493506  8.116883
 [1] 0.0000000 0.0000000 0.0000000 0.0000000 0.0000000 0.0000000 0.0000000
 [8] 0.0000000 0.0000000 6.1688312 3.2467532 3.5714286 4.2207792 4.2207792
[15] 4.2207792 3.2467532 3.8961039 0.3246753 1.6233766 0.6493506 2.2727273
[22] 0.9740260 3.2467532 1.2987013 0.3246753 1.6233766 0.9740260 1.2987013
[29] 0.9740260 1.6233766 0.6493506 1.2987013 0.3246753 0.3246753 0.6493506
[36] 1.2987013 0.3246753 0.6493506 0.3246753 1.2987013 0.0000000 0.3246753
[43] 0.6493506 0.6493506 0.3246753 0.6493506 0.6493506 0.9740260 0.0000000
[50] 0.6493506 1.2987013 0.9740260 1.6233766 0.3246753 0.9740260 0.0000000
[57] 0.9740260 0.0000000 1.6233766 0.6493506 0.6493506 0.3246753 0.6493506
[64] 0.0000000 0.6493506 1.2987013 0.6493506 0.0000000 0.6493506 1.2987013
[71] 1.9480519 0.3246753 0.9740260 0.6493506 0.3246753 0.3246753 1.2987013
[78] 1.6233766 1.2987013 0.6493506 0.0000000 0.3246753 0.0000000 1.2987013
[85] 0.6493506 0.9740260 0.9740260 0.9740260 0.6493506 1.6233766 0.3246753
[92] 1.2987013 0.0000000 0.9740260 0.0000000 1.2987013 0.3246753 1.6233766
[99] 0.6493506
( 10 ,  6.17 ) ( 11 ,  3.25 ) ( 12 ,  3.57 ) ( 13 ,  4.22 ) ( 14 ,  4.22 ) ( 15 ,  4.22 ) ( 16 ,  3.25 ) ( 17 ,  3.9 ) ( 18 ,  0.32 ) ( 19 ,  1.62 ) ( 20 ,  0.65 ) ( 21 ,  2.27 ) ( 22 ,  0.97 ) ( 23 ,  3.25 ) ( 24 ,  1.3 ) ( 25 ,  0.32 ) ( 26 ,  1.62 ) ( 27 ,  0.97 ) ( 28 ,  1.3 ) ( 29 ,  0.97 ) ( 30 ,  1.62 ) ( 31 ,  0.65 ) ( 32 ,  1.3 ) ( 33 ,  0.32 ) ( 34 ,  0.32 ) ( 35 ,  0.65 ) ( 36 ,  1.3 ) ( 37 ,  0.32 ) ( 38 ,  0.65 ) ( 39 ,  0.32 ) ( 40 ,  1.3 ) ( 41 ,  0 ) ( 42 ,  0.32 ) ( 43 ,  0.65 ) ( 44 ,  0.65 ) ( 45 ,  0.32 ) ( 46 ,  0.65 ) ( 47 ,  0.65 ) ( 48 ,  0.97 ) ( 49 ,  0 ) ( 50 ,  0.65 ) ( 51 ,  1.3 ) ( 52 ,  0.97 ) ( 53 ,  1.62 ) ( 54 ,  0.32 ) ( 55 ,  0.97 ) ( 56 ,  0 ) ( 57 ,  0.97 ) ( 58 ,  0 ) ( 59 ,  1.62 ) ( 60 ,  0.65 ) ( 61 ,  0.65 ) ( 62 ,  0.32 ) ( 63 ,  0.65 ) ( 64 ,  0 ) ( 65 ,  0.65 ) ( 66 ,  1.3 ) ( 67 ,  0.65 ) ( 68 ,  0 ) ( 69 ,  0.65 ) ( 70 ,  1.3 ) ( 71 ,  1.95 ) ( 72 ,  0.32 ) ( 73 ,  0.97 ) ( 74 ,  0.65 ) ( 75 ,  0.32 ) ( 76 ,  0.32 ) ( 77 ,  1.3 ) ( 78 ,  1.62 ) ( 79 ,  1.3 ) ( 80 ,  0.65 ) ( 81 ,  0 ) ( 82 ,  0.32 ) ( 83 ,  0 ) ( 84 ,  1.3 ) ( 85 ,  0.65 ) ( 86 ,  0.97 ) ( 87 ,  0.97 ) ( 88 ,  0.97 ) ( 89 ,  0.65 ) ( 90 ,  1.62 ) ( 91 ,  0.32 ) ( 92 ,  1.3 ) ( 93 ,  0 ) ( 94 ,  0.97 ) ( 95 ,  0 ) ( 96 ,  1.3 ) ( 97 ,  0.32 ) ( 98 ,  1.62 ) ( 99 ,  0.65 ) 
( 1 ,  34.74 ) ( 2 ,  13.64 ) ( 3 ,  7.47 ) ( 4 ,  5.52 ) ( 5 ,  8.44 ) ( 6 ,  5.52 ) ( 7 ,  10.06 ) ( 8 ,  6.49 ) ( 9 ,  8.12 ) 
( 0 ,  14.61 ) ( 1 ,  10.39 ) ( 2 ,  9.42 ) ( 3 ,  11.69 ) ( 4 ,  9.74 ) ( 5 ,  8.12 ) ( 6 ,  10.71 ) ( 7 ,  10.06 ) ( 8 ,  7.47 ) ( 9 ,  7.79 ) 

        K-S Test for Benford Distribution

data:  limitated_num
D = 9.16, p-value < 2.2e-16


        K-S Test for Benford Distribution

data:  limitated_num
D = 9.2023, p-value < 2.2e-16


        Chi-Square Test for Benford Distribution

data:  limitated_num
chisq = 1193.6, p-value < 2.2e-16


        Chi-Square Test for Benford Distribution

data:  limitated_num
chisq = 4512.5, p-value < 2.2e-16


XXXXXXXXXXXXXXXXXXXXXXXXXXXXXXXXXXXXXXXXXXXXXXXXXXXXXXXXXXXXXXXXXXXXXXXXXXXXXXX