australia

mean =  1116.183 
median =  138.7 
skewness =  29.80079 
[1] 29.071232 13.876427 11.117670  7.272727 11.877214  9.201102  7.312082
[8]  5.084612  5.186934
 [1] 0.0000000 0.0000000 0.0000000 0.0000000 0.0000000 0.0000000 0.0000000
 [8] 0.0000000 0.0000000 3.1641086 7.8079496 3.6088154 2.1526958 2.6957891
[15] 2.5304998 1.9795356 2.2432113 1.6017316 1.2868949 1.6253444 1.7119244
[22] 1.4521842 1.2554113 1.0468320 1.3301850 0.9878001 1.3616686 1.7158599
[29] 1.3892168 1.1452184 1.5230224 1.3852814 0.9169618 1.1255411 0.7752853
[36] 1.6646989 1.1137348 0.8421881 0.6257379 1.3341204 0.5667060 0.4840614
[43] 0.8343172 0.9917355 1.0507674 0.4998032 0.6257379 0.3305785 0.5548996
[50] 0.9878001 0.7005116 0.4761905 0.3305785 0.8185754 0.4132231 0.3069658
[57] 0.5273514 5.7300275 1.5859898 1.2396694 0.7792208 0.6965762 1.2554113
[64] 1.3459268 0.5037387 0.7280598 0.5273514 1.4088941 0.7162534 0.6926407
[71] 0.2794176 0.8185754 0.3266431 0.8461236 1.2239276 1.2199921 1.0861865
[78] 0.4210941 0.3974813 0.5509642 0.6926407 0.3109012 0.4683196 0.3974813
[85] 0.8697363 0.5627706 0.5391578 0.3069658 0.3856749 1.3852814 0.7241244
[92] 0.6847698 0.4053522 0.2794176 0.4683196 0.2912239 0.3305785 0.3305785
[99] 0.2872885
( 10 ,  3.16 ) ( 11 ,  7.81 ) ( 12 ,  3.61 ) ( 13 ,  2.15 ) ( 14 ,  2.7 ) ( 15 ,  2.53 ) ( 16 ,  1.98 ) ( 17 ,  2.24 ) ( 18 ,  1.6 ) ( 19 ,  1.29 ) ( 20 ,  1.63 ) ( 21 ,  1.71 ) ( 22 ,  1.45 ) ( 23 ,  1.26 ) ( 24 ,  1.05 ) ( 25 ,  1.33 ) ( 26 ,  0.99 ) ( 27 ,  1.36 ) ( 28 ,  1.72 ) ( 29 ,  1.39 ) ( 30 ,  1.15 ) ( 31 ,  1.52 ) ( 32 ,  1.39 ) ( 33 ,  0.92 ) ( 34 ,  1.13 ) ( 35 ,  0.78 ) ( 36 ,  1.66 ) ( 37 ,  1.11 ) ( 38 ,  0.84 ) ( 39 ,  0.63 ) ( 40 ,  1.33 ) ( 41 ,  0.57 ) ( 42 ,  0.48 ) ( 43 ,  0.83 ) ( 44 ,  0.99 ) ( 45 ,  1.05 ) ( 46 ,  0.5 ) ( 47 ,  0.63 ) ( 48 ,  0.33 ) ( 49 ,  0.55 ) ( 50 ,  0.99 ) ( 51 ,  0.7 ) ( 52 ,  0.48 ) ( 53 ,  0.33 ) ( 54 ,  0.82 ) ( 55 ,  0.41 ) ( 56 ,  0.31 ) ( 57 ,  0.53 ) ( 58 ,  5.73 ) ( 59 ,  1.59 ) ( 60 ,  1.24 ) ( 61 ,  0.78 ) ( 62 ,  0.7 ) ( 63 ,  1.26 ) ( 64 ,  1.35 ) ( 65 ,  0.5 ) ( 66 ,  0.73 ) ( 67 ,  0.53 ) ( 68 ,  1.41 ) ( 69 ,  0.72 ) ( 70 ,  0.69 ) ( 71 ,  0.28 ) ( 72 ,  0.82 ) ( 73 ,  0.33 ) ( 74 ,  0.85 ) ( 75 ,  1.22 ) ( 76 ,  1.22 ) ( 77 ,  1.09 ) ( 78 ,  0.42 ) ( 79 ,  0.4 ) ( 80 ,  0.55 ) ( 81 ,  0.69 ) ( 82 ,  0.31 ) ( 83 ,  0.47 ) ( 84 ,  0.4 ) ( 85 ,  0.87 ) ( 86 ,  0.56 ) ( 87 ,  0.54 ) ( 88 ,  0.31 ) ( 89 ,  0.39 ) ( 90 ,  1.39 ) ( 91 ,  0.72 ) ( 92 ,  0.68 ) ( 93 ,  0.41 ) ( 94 ,  0.28 ) ( 95 ,  0.47 ) ( 96 ,  0.29 ) ( 97 ,  0.33 ) ( 98 ,  0.33 ) ( 99 ,  0.29 ) 
( 1 ,  29.07 ) ( 2 ,  13.88 ) ( 3 ,  11.12 ) ( 4 ,  7.27 ) ( 5 ,  11.88 ) ( 6 ,  9.2 ) ( 7 ,  7.31 ) ( 8 ,  5.08 ) ( 9 ,  5.19 ) 
( 0 ,  12.13 ) ( 1 ,  14.79 ) ( 2 ,  9.92 ) ( 3 ,  7.95 ) ( 4 ,  9.55 ) ( 5 ,  9.17 ) ( 6 ,  8.24 ) ( 7 ,  8.35 ) ( 8 ,  12.69 ) ( 9 ,  7.23 ) 

        K-S Test for Benford Distribution

data:  num
D = 13.643, p-value < 2.2e-16


        K-S Test for Benford Distribution

data:  num
D = 16.648, p-value < 2.2e-16


        Chi-Square Test for Benford Distribution

data:  num
chisq = 1264.4, p-value < 2.2e-16


        Chi-Square Test for Benford Distribution

data:  num
chisq = 13330, p-value < 2.2e-16



XXXXXXXXXXXXXXXXXXXXXXXXXXXXXXXXXXXXXXXXXXXXXXXXXXXXXXXXXXXXXXXXXXXXXXXXXXXXXXX


suica

mean =  118403004 
median =  2741099 
skewness =  18.66724 
[1] 28.106756 18.348624 13.844871  8.507089  8.673895  5.337781  6.505421
[8]  5.921601  4.753962
 [1] 0.00000000 0.00000000 0.00000000 0.00000000 0.00000000 0.00000000
 [7] 0.00000000 0.00000000 0.00000000 3.08590492 3.91993328 3.25271059
[13] 2.50208507 2.58548791 3.00250209 2.08507089 2.16847373 2.83569641
[19] 2.66889074 2.08507089 1.75145955 2.25187656 1.33444537 1.83486239
[25] 2.25187656 1.41784821 1.91826522 1.25104254 2.25187656 1.41784821
[31] 1.25104254 1.66805671 1.16763970 1.41784821 1.50125104 1.66805671
[37] 1.00083403 1.33444537 1.41784821 0.50041701 0.58381985 0.83402836
[43] 1.08423686 1.58465388 0.83402836 0.25020851 0.58381985 1.00083403
[49] 1.25104254 1.41784821 1.00083403 0.58381985 1.08423686 1.16763970
[55] 0.41701418 0.91743119 0.75062552 0.83402836 0.50041701 0.50041701
[61] 0.83402836 0.25020851 0.50041701 0.66722269 0.50041701 0.50041701
[67] 0.33361134 0.58381985 0.66722269 0.58381985 0.75062552 0.33361134
[73] 0.33361134 1.00083403 0.83402836 0.66722269 0.41701418 0.83402836
[79] 0.75062552 0.91743119 0.33361134 0.83402836 0.66722269 0.50041701
[85] 0.41701418 0.58381985 0.41701418 0.41701418 0.83402836 0.83402836
[91] 0.41701418 0.75062552 0.16680567 0.33361134 0.33361134 0.08340284
[97] 0.16680567 0.75062552 0.91743119
( 10 ,  3.09 ) ( 11 ,  3.92 ) ( 12 ,  3.25 ) ( 13 ,  2.5 ) ( 14 ,  2.59 ) ( 15 ,  3 ) ( 16 ,  2.09 ) ( 17 ,  2.17 ) ( 18 ,  2.84 ) ( 19 ,  2.67 ) ( 20 ,  2.09 ) ( 21 ,  1.75 ) ( 22 ,  2.25 ) ( 23 ,  1.33 ) ( 24 ,  1.83 ) ( 25 ,  2.25 ) ( 26 ,  1.42 ) ( 27 ,  1.92 ) ( 28 ,  1.25 ) ( 29 ,  2.25 ) ( 30 ,  1.42 ) ( 31 ,  1.25 ) ( 32 ,  1.67 ) ( 33 ,  1.17 ) ( 34 ,  1.42 ) ( 35 ,  1.5 ) ( 36 ,  1.67 ) ( 37 ,  1 ) ( 38 ,  1.33 ) ( 39 ,  1.42 ) ( 40 ,  0.5 ) ( 41 ,  0.58 ) ( 42 ,  0.83 ) ( 43 ,  1.08 ) ( 44 ,  1.58 ) ( 45 ,  0.83 ) ( 46 ,  0.25 ) ( 47 ,  0.58 ) ( 48 ,  1 ) ( 49 ,  1.25 ) ( 50 ,  1.42 ) ( 51 ,  1 ) ( 52 ,  0.58 ) ( 53 ,  1.08 ) ( 54 ,  1.17 ) ( 55 ,  0.42 ) ( 56 ,  0.92 ) ( 57 ,  0.75 ) ( 58 ,  0.83 ) ( 59 ,  0.5 ) ( 60 ,  0.5 ) ( 61 ,  0.83 ) ( 62 ,  0.25 ) ( 63 ,  0.5 ) ( 64 ,  0.67 ) ( 65 ,  0.5 ) ( 66 ,  0.5 ) ( 67 ,  0.33 ) ( 68 ,  0.58 ) ( 69 ,  0.67 ) ( 70 ,  0.58 ) ( 71 ,  0.75 ) ( 72 ,  0.33 ) ( 73 ,  0.33 ) ( 74 ,  1 ) ( 75 ,  0.83 ) ( 76 ,  0.67 ) ( 77 ,  0.42 ) ( 78 ,  0.83 ) ( 79 ,  0.75 ) ( 80 ,  0.92 ) ( 81 ,  0.33 ) ( 82 ,  0.83 ) ( 83 ,  0.67 ) ( 84 ,  0.5 ) ( 85 ,  0.42 ) ( 86 ,  0.58 ) ( 87 ,  0.42 ) ( 88 ,  0.42 ) ( 89 ,  0.83 ) ( 90 ,  0.83 ) ( 91 ,  0.42 ) ( 92 ,  0.75 ) ( 93 ,  0.17 ) ( 94 ,  0.33 ) ( 95 ,  0.33 ) ( 96 ,  0.08 ) ( 97 ,  0.17 ) ( 98 ,  0.75 ) ( 99 ,  0.92 ) 
( 1 ,  28.11 ) ( 2 ,  18.35 ) ( 3 ,  13.84 ) ( 4 ,  8.51 ) ( 5 ,  8.67 ) ( 6 ,  5.34 ) ( 7 ,  6.51 ) ( 8 ,  5.92 ) ( 9 ,  4.75 ) 
( 0 ,  11.34 ) ( 1 ,  10.84 ) ( 2 ,  10.76 ) ( 3 ,  8.84 ) ( 4 ,  11.09 ) ( 5 ,  10.09 ) ( 6 ,  8.17 ) ( 7 ,  7.76 ) ( 8 ,  9.84 ) ( 9 ,  11.26 )

        K-S Test for Benford Distribution

data:  num
D = 0.69123, p-value = 0.3851


        K-S Test for Benford Distribution

data:  num
D = 1.0129, p-value = 0.1964


        Chi-Square Test for Benford Distribution

data:  num
chisq = 12.246, p-value = 0.1406


        Chi-Square Test for Benford Distribution

data:  num
chisq = 113.97, p-value = 0.03841





XXXXXXXXXXXXXXXXXXXXXXXXXXXXXXXXXXXXXXXXXXXXXXXXXXXXXXXXXXXXXXXXXXXXXXXXXXXXXXX

reino unido

mean =  4262.419 
median =  657.67 
skewness =  71.52395 
[1] 19.022709 20.890937 17.499066 12.716403 10.648898  6.650891  5.152157
[8]  4.251256  3.167684
 [1] 0.0000000 0.0000000 0.0000000 0.0000000 0.0000000 0.0000000 0.0000000
 [8] 0.0000000 0.0000000 3.1718354 2.6902479 2.3041475 2.0384440 1.6232823
[15] 1.6606468 1.5070370 1.4157014 1.3285175 1.2828497 1.4364595 1.6855565
[22] 2.5906090 2.2003570 1.9305019 3.1178644 2.4743638 1.9097438 1.9388052
[29] 1.6066758 2.1048698 1.4904305 2.1712957 1.6398887 1.6357371 2.1837506
[36] 1.8557728 1.3741852 1.3119110 1.7312243 1.7063146 1.1790592 1.6315855
[43] 1.1375431 1.1541495 1.6606468 1.0794204 1.1209366 1.0088429 1.0379043
[50] 2.3539669 1.3534272 1.0835721 0.8884460 0.7722008 1.0877237 0.9548719
[57] 0.8676880 0.6850168 0.6019845 0.9839332 0.5563167 0.5604683 0.5189521
[64] 1.0379043 0.8925977 0.6476523 0.4151617 0.5231037 0.5148005 0.7140781
[71] 0.4276166 0.5106489 0.3611907 0.4774360 0.7929589 0.4774360 0.4981940
[78] 0.5106489 0.3819488 0.7389878 0.4774360 0.3196745 0.3404326 0.5023457
[85] 0.3113713 0.4400714 0.3279777 0.3570391 0.4359198 0.4940424 0.2075809
[92] 0.3362810 0.2324906 0.2615519 0.3736455 0.4234649 0.2200357 0.2283389
[99] 0.3902520
( 10 ,  3.17 ) ( 11 ,  2.69 ) ( 12 ,  2.3 ) ( 13 ,  2.04 ) ( 14 ,  1.62 ) ( 15 ,  1.66 ) ( 16 ,  1.51 ) ( 17 ,  1.42 ) ( 18 ,  1.33 ) ( 19 ,  1.28 ) ( 20 ,  1.44 ) ( 21 ,  1.69 ) ( 22 ,  2.59 ) ( 23 ,  2.2 ) ( 24 ,  1.93 ) ( 25 ,  3.12 ) ( 26 ,  2.47 ) ( 27 ,  1.91 ) ( 28 ,  1.94 ) ( 29 ,  1.61 ) ( 30 ,  2.1 ) ( 31 ,  1.49 ) ( 32 ,  2.17 ) ( 33 ,  1.64 ) ( 34 ,  1.64 ) ( 35 ,  2.18 ) ( 36 ,  1.86 ) ( 37 ,  1.37 ) ( 38 ,  1.31 ) ( 39 ,  1.73 ) ( 40 ,  1.71 ) ( 41 ,  1.18 ) ( 42 ,  1.63 ) ( 43 ,  1.14 ) ( 44 ,  1.15 ) ( 45 ,  1.66 ) ( 46 ,  1.08 ) ( 47 ,  1.12 ) ( 48 ,  1.01 ) ( 49 ,  1.04 ) ( 50 ,  2.35 ) ( 51 ,  1.35 ) ( 52 ,  1.08 ) ( 53 ,  0.89 ) ( 54 ,  0.77 ) ( 55 ,  1.09 ) ( 56 ,  0.95 ) ( 57 ,  0.87 ) ( 58 ,  0.69 ) ( 59 ,  0.6 ) ( 60 ,  0.98 ) ( 61 ,  0.56 ) ( 62 ,  0.56 ) ( 63 ,  0.52 ) ( 64 ,  1.04 ) ( 65 ,  0.89 ) ( 66 ,  0.65 ) ( 67 ,  0.42 ) ( 68 ,  0.52 ) ( 69 ,  0.51 ) ( 70 ,  0.71 ) ( 71 ,  0.43 ) ( 72 ,  0.51 ) ( 73 ,  0.36 ) ( 74 ,  0.48 ) ( 75 ,  0.79 ) ( 76 ,  0.48 ) ( 77 ,  0.5 ) ( 78 ,  0.51 ) ( 79 ,  0.38 ) ( 80 ,  0.74 ) ( 81 ,  0.48 ) ( 82 ,  0.32 ) ( 83 ,  0.34 ) ( 84 ,  0.5 ) ( 85 ,  0.31 ) ( 86 ,  0.44 ) ( 87 ,  0.33 ) ( 88 ,  0.36 ) ( 89 ,  0.44 ) ( 90 ,  0.49 ) ( 91 ,  0.21 ) ( 92 ,  0.34 ) ( 93 ,  0.23 ) ( 94 ,  0.26 ) ( 95 ,  0.37 ) ( 96 ,  0.42 ) ( 97 ,  0.22 ) ( 98 ,  0.23 ) ( 99 ,  0.39 ) 
( 1 ,  19.02 ) ( 2 ,  20.89 ) ( 3 ,  17.5 ) ( 4 ,  12.72 ) ( 5 ,  10.65 ) ( 6 ,  6.65 ) ( 7 ,  5.15 ) ( 8 ,  4.25 ) ( 9 ,  3.17 ) 
( 0 ,  13.7 ) ( 1 ,  10.07 ) ( 2 ,  11.51 ) ( 3 ,  9.36 ) ( 4 ,  9.4 ) ( 5 ,  12.08 ) ( 6 ,  9.86 ) ( 7 ,  8.15 ) ( 8 ,  7.89 ) ( 9 ,  7.98 )

        K-S Test for Benford Distribution

data:  num
D = 17.197, p-value < 2.2e-16


        K-S Test for Benford Distribution

data:  num
D = 18.775, p-value < 2.2e-16


        Chi-Square Test for Benford Distribution

data:  num
chisq = 2224, p-value < 2.2e-16


        Chi-Square Test for Benford Distribution

data:  num
chisq = 3819.6, p-value < 2.2e-16




XXXXXXXXXXXXXXXXXXXXXXXXXXXXXXXXXXXXXXXXXXXXXXXXXXXXXXXXXXXXXXXXXXXXXXXXXXXXXXX

franca

mean =  10739969 
median =  841437.5 
skewness =  12.06154 
[1] 32.994186 20.203488 10.029070  7.122093  9.156977  6.250000  5.668605
[8]  4.505814  4.069767
 [1] 0.0000000 0.0000000 0.0000000 0.0000000 0.0000000 0.0000000 0.0000000
 [8] 0.0000000 0.0000000 5.0872093 2.3255814 4.6511628 2.4709302 3.9244186
[15] 4.0697674 3.9244186 1.7441860 3.0523256 1.7441860 3.3430233 3.4883721
[22] 2.1802326 0.7267442 1.4534884 4.2151163 1.0174419 1.1627907 1.5988372
[29] 1.0174419 1.8895349 1.0174419 0.8720930 1.3081395 0.8720930 1.3081395
[36] 1.3081395 0.2906977 0.4360465 0.7267442 1.3081395 0.2906977 1.1627907
[43] 1.0174419 0.7267442 0.8720930 0.7267442 0.5813953 0.4360465 0.0000000
[50] 3.1976744 0.4360465 0.7267442 0.5813953 0.1453488 1.1627907 0.5813953
[57] 0.5813953 0.8720930 0.8720930 0.7267442 0.7267442 1.0174419 0.4360465
[64] 0.1453488 0.8720930 0.8720930 0.7267442 0.2906977 0.4360465 1.5988372
[71] 0.2906977 0.4360465 0.7267442 0.2906977 0.5813953 0.5813953 0.7267442
[78] 0.1453488 0.2906977 1.1627907 0.4360465 0.5813953 0.5813953 0.4360465
[85] 0.2906977 0.4360465 0.2906977 0.1453488 0.1453488 0.5813953 0.1453488
[92] 0.4360465 0.5813953 0.8720930 0.4360465 0.2906977 0.1453488 0.1453488
[99] 0.4360465
( 10 ,  5.09 ) ( 11 ,  2.33 ) ( 12 ,  4.65 ) ( 13 ,  2.47 ) ( 14 ,  3.92 ) ( 15 ,  4.07 ) ( 16 ,  3.92 ) ( 17 ,  1.74 ) ( 18 ,  3.05 ) ( 19 ,  1.74 ) ( 20 ,  3.34 ) ( 21 ,  3.49 ) ( 22 ,  2.18 ) ( 23 ,  0.73 ) ( 24 ,  1.45 ) ( 25 ,  4.22 ) ( 26 ,  1.02 ) ( 27 ,  1.16 ) ( 28 ,  1.6 ) ( 29 ,  1.02 ) ( 30 ,  1.89 ) ( 31 ,  1.02 ) ( 32 ,  0.87 ) ( 33 ,  1.31 ) ( 34 ,  0.87 ) ( 35 ,  1.31 ) ( 36 ,  1.31 ) ( 37 ,  0.29 ) ( 38 ,  0.44 ) ( 39 ,  0.73 ) ( 40 ,  1.31 ) ( 41 ,  0.29 ) ( 42 ,  1.16 ) ( 43 ,  1.02 ) ( 44 ,  0.73 ) ( 45 ,  0.87 ) ( 46 ,  0.73 ) ( 47 ,  0.58 ) ( 48 ,  0.44 ) ( 49 ,  0 ) ( 50 ,  3.2 ) ( 51 ,  0.44 ) ( 52 ,  0.73 ) ( 53 ,  0.58 ) ( 54 ,  0.15 ) ( 55 ,  1.16 ) ( 56 ,  0.58 ) ( 57 ,  0.58 ) ( 58 ,  0.87 ) ( 59 ,  0.87 ) ( 60 ,  0.73 ) ( 61 ,  0.73 ) ( 62 ,  1.02 ) ( 63 ,  0.44 ) ( 64 ,  0.15 ) ( 65 ,  0.87 ) ( 66 ,  0.87 ) ( 67 ,  0.73 ) ( 68 ,  0.29 ) ( 69 ,  0.44 ) ( 70 ,  1.6 ) ( 71 ,  0.29 ) ( 72 ,  0.44 ) ( 73 ,  0.73 ) ( 74 ,  0.29 ) ( 75 ,  0.58 ) ( 76 ,  0.58 ) ( 77 ,  0.73 ) ( 78 ,  0.15 ) ( 79 ,  0.29 ) ( 80 ,  1.16 ) ( 81 ,  0.44 ) ( 82 ,  0.58 ) ( 83 ,  0.58 ) ( 84 ,  0.44 ) ( 85 ,  0.29 ) ( 86 ,  0.44 ) ( 87 ,  0.29 ) ( 88 ,  0.15 ) ( 89 ,  0.15 ) ( 90 ,  0.58 ) ( 91 ,  0.15 ) ( 92 ,  0.44 ) ( 93 ,  0.58 ) ( 94 ,  0.87 ) ( 95 ,  0.44 ) ( 96 ,  0.29 ) ( 97 ,  0.15 ) ( 98 ,  0.15 ) ( 99 ,  0.44 ) 
( 1 ,  32.99 ) ( 2 ,  20.2 ) ( 3 ,  10.03 ) ( 4 ,  7.12 ) ( 5 ,  9.16 ) ( 6 ,  6.25 ) ( 7 ,  5.67 ) ( 8 ,  4.51 ) ( 9 ,  4.07 ) 
( 0 ,  18.9 ) ( 1 ,  9.16 ) ( 2 ,  12.06 ) ( 3 ,  8.43 ) ( 4 ,  8.87 ) ( 5 ,  13.81 ) ( 6 ,  9.74 ) ( 7 ,  6.25 ) ( 8 ,  7.12 ) ( 9 ,  5.67 )

        K-S Test for Benford Distribution

data:  num
D = 1.4388, p-value = 0.0088


        K-S Test for Benford Distribution

data:  num
D = 1.8109, p-value = 0.0018


        Chi-Square Test for Benford Distribution

data:  num
chisq = 15.012, p-value = 0.05891


        Chi-Square Test for Benford Distribution

data:  num
chisq = 187.98, p-value = 4.688e-09



XXXXXXXXXXXXXXXXXXXXXXXXXXXXXXXXXXXXXXXXXXXXXXXXXXXXXXXXXXXXXXXXXXXXXXXXXXXXXXX

brasil


mean =  27801136 
median =  11646.61 
skewness =  79.15625 
[1] 29.360641 17.200726 12.590689  9.809553  8.139359  6.416264  5.864571
[8]  5.615175  5.003023
 [1] 0.0000000 0.0000000 0.0000000 0.0000000 0.0000000 0.0000000 0.0000000
 [8] 0.0000000 0.0000000 4.2926239 3.5444377 3.1967956 2.9549577 2.8642684
[15] 2.9096131 2.6224305 2.2143289 2.5241838 2.2370012 2.5317412 1.6399637
[22] 2.1311971 1.7382104 1.7533253 1.6097340 1.2772068 1.4737001 1.6626360
[29] 1.3830109 1.9120314 1.2998791 1.3301088 1.0278114 1.3527811 1.0429262
[36] 1.1638452 1.2772068 1.0882709 1.0958283 1.1865175 0.9900242 0.8539903
[43] 0.9068924 1.0504837 1.0504837 0.9068924 0.9824667 0.9068924 0.9749093
[50] 1.3678960 0.7255139 0.8464329 0.8917775 0.6801693 0.7859734 0.6726119
[57] 0.6574970 0.7103990 0.8010883 0.9522370 0.5970375 0.6348247 0.5365780
[64] 0.6121524 0.6121524 0.6423821 0.7708585 0.5139057 0.5441354 0.6952842
[71] 0.6348247 0.4987908 0.6348247 0.4458888 0.5668077 0.5365780 0.6121524
[78] 0.5592503 0.6801693 1.0051391 0.4307739 0.4685611 0.4005441 0.5516929
[85] 0.6877267 0.5516929 0.5139057 0.4685611 0.5365780 0.5970375 0.5441354
[92] 0.4005441 0.6197098 0.4610036 0.4912334 0.4232164 0.4761185 0.4836759
[99] 0.5063482
( 10 ,  4.29 ) ( 11 ,  3.54 ) ( 12 ,  3.2 ) ( 13 ,  2.95 ) ( 14 ,  2.86 ) ( 15 ,  2.91 ) ( 16 ,  2.62 ) ( 17 ,  2.21 ) ( 18 ,  2.52 ) ( 19 ,  2.24 ) ( 20 ,  2.53 ) ( 21 ,  1.64 ) ( 22 ,  2.13 ) ( 23 ,  1.74 ) ( 24 ,  1.75 ) ( 25 ,  1.61 ) ( 26 ,  1.28 ) ( 27 ,  1.47 ) ( 28 ,  1.66 ) ( 29 ,  1.38 ) ( 30 ,  1.91 ) ( 31 ,  1.3 ) ( 32 ,  1.33 ) ( 33 ,  1.03 ) ( 34 ,  1.35 ) ( 35 ,  1.04 ) ( 36 ,  1.16 ) ( 37 ,  1.28 ) ( 38 ,  1.09 ) ( 39 ,  1.1 ) ( 40 ,  1.19 ) ( 41 ,  0.99 ) ( 42 ,  0.85 ) ( 43 ,  0.91 ) ( 44 ,  1.05 ) ( 45 ,  1.05 ) ( 46 ,  0.91 ) ( 47 ,  0.98 ) ( 48 ,  0.91 ) ( 49 ,  0.97 ) ( 50 ,  1.37 ) ( 51 ,  0.73 ) ( 52 ,  0.85 ) ( 53 ,  0.89 ) ( 54 ,  0.68 ) ( 55 ,  0.79 ) ( 56 ,  0.67 ) ( 57 ,  0.66 ) ( 58 ,  0.71 ) ( 59 ,  0.8 ) ( 60 ,  0.95 ) ( 61 ,  0.6 ) ( 62 ,  0.63 ) ( 63 ,  0.54 ) ( 64 ,  0.61 ) ( 65 ,  0.61 ) ( 66 ,  0.64 ) ( 67 ,  0.77 ) ( 68 ,  0.51 ) ( 69 ,  0.54 ) ( 70 ,  0.7 ) ( 71 ,  0.63 ) ( 72 ,  0.5 ) ( 73 ,  0.63 ) ( 74 ,  0.45 ) ( 75 ,  0.57 ) ( 76 ,  0.54 ) ( 77 ,  0.61 ) ( 78 ,  0.56 ) ( 79 ,  0.68 ) ( 80 ,  1.01 ) ( 81 ,  0.43 ) ( 82 ,  0.47 ) ( 83 ,  0.4 ) ( 84 ,  0.55 ) ( 85 ,  0.69 ) ( 86 ,  0.55 ) ( 87 ,  0.51 ) ( 88 ,  0.47 ) ( 89 ,  0.54 ) ( 90 ,  0.6 ) ( 91 ,  0.54 ) ( 92 ,  0.4 ) ( 93 ,  0.62 ) ( 94 ,  0.46 ) ( 95 ,  0.49 ) ( 96 ,  0.42 ) ( 97 ,  0.48 ) ( 98 ,  0.48 ) ( 99 ,  0.51 ) 
( 1 ,  29.36 ) ( 2 ,  17.2 ) ( 3 ,  12.59 ) ( 4 ,  9.81 ) ( 5 ,  8.14 ) ( 6 ,  6.42 ) ( 7 ,  5.86 ) ( 8 ,  5.62 ) ( 9 ,  5 ) 
( 0 ,  14.53 ) ( 1 ,  10.41 ) ( 2 ,  10.36 ) ( 3 ,  9.71 ) ( 4 ,  9.77 ) ( 5 ,  9.76 ) ( 6 ,  8.8 ) ( 7 ,  8.98 ) ( 8 ,  8.92 ) ( 9 ,  8.76 )

        K-S Test for Benford Distribution

data:  num
D = 1.3237, p-value = 0.0204


        K-S Test for Benford Distribution

data:  num
D = 1.4445, p-value = 0.0185


        Chi-Square Test for Benford Distribution

data:  num
chisq = 18.159, p-value = 0.02007


        Chi-Square Test for Benford Distribution

data:  num
chisq = 277.41, p-value < 2.2e-16



XXXXXXXXXXXXXXXXXXXXXXXXXXXXXXXXXXXXXXXXXXXXXXXXXXXXXXXXXXXXXXXXXXXXXXXXXXXXXXX

canada

mean =  75.42446 
median =  20.2 
skewness =  24.86992 
[1] 32.567958 23.474570  7.580967  5.689758  4.274817  3.651080 11.458819
[8]  1.845536  9.330840
 [1]  0.00000000  0.00000000  0.00000000  0.00000000  0.00000000  0.00000000
 [7]  0.00000000  0.00000000  0.00000000  3.28319953 12.04324580  2.70354406
[13]  1.58967845  3.62494859  3.13709272  1.79963598  1.63921389  1.61921793
[19]  1.12818089 13.44682553  1.62717087  1.04615203  1.02388381  0.95639746
[25]  1.93369977  0.96389594  0.76211857  0.99184483  0.72258111  1.76646087
[31]  0.65873039  1.01093188  0.54648037  0.45604412  0.95321628  0.54057248
[37]  0.55965952  0.57579262  0.51307804  1.25406452  0.57647430  0.67168232
[43]  0.39832852  0.43854766  0.72099053  0.44900009  0.49580880  0.39128449
[49]  0.29357698  1.53923411  0.30016656  0.34129460  0.28176119  0.23904256
[55]  0.52739332  0.23767920  0.36356282  0.23631584  0.20836694  1.17180843
[61]  0.21995551  0.27835279  0.38174097  0.27153598  0.42536851  0.31834470
[67]  0.22018274  0.16678445  0.19700561  1.01752146  0.24245096  0.21132089
[73]  8.53009278  0.17246512  0.64964132  0.21654711  0.11338616  0.18973435
[79]  0.11565842  0.64168839  0.10020700  0.11793069  0.12406581  0.12951926
[85]  0.31289126  0.09793474  0.11452229  0.10293372  0.10384263  0.57465649
[91]  0.08316500  7.58164826  0.09725306  0.10043423  0.40400919  0.15360529
[97]  0.08202886  0.11111389  0.14292564
( 10 ,  3.28 ) ( 11 ,  12.04 ) ( 12 ,  2.7 ) ( 13 ,  1.59 ) ( 14 ,  3.62 ) ( 15 ,  3.14 ) ( 16 ,  1.8 ) ( 17 ,  1.64 ) ( 18 ,  1.62 ) ( 19 ,  1.13 ) ( 20 ,  13.45 ) ( 21 ,  1.63 ) ( 22 ,  1.05 ) ( 23 ,  1.02 ) ( 24 ,  0.96 ) ( 25 ,  1.93 ) ( 26 ,  0.96 ) ( 27 ,  0.76 ) ( 28 ,  0.99 ) ( 29 ,  0.72 ) ( 30 ,  1.77 ) ( 31 ,  0.66 ) ( 32 ,  1.01 ) ( 33 ,  0.55 ) ( 34 ,  0.46 ) ( 35 ,  0.95 ) ( 36 ,  0.54 ) ( 37 ,  0.56 ) ( 38 ,  0.58 ) ( 39 ,  0.51 ) ( 40 ,  1.25 ) ( 41 ,  0.58 ) ( 42 ,  0.67 ) ( 43 ,  0.4 ) ( 44 ,  0.44 ) ( 45 ,  0.72 ) ( 46 ,  0.45 ) ( 47 ,  0.5 ) ( 48 ,  0.39 ) ( 49 ,  0.29 ) ( 50 ,  1.54 ) ( 51 ,  0.3 ) ( 52 ,  0.34 ) ( 53 ,  0.28 ) ( 54 ,  0.24 ) ( 55 ,  0.53 ) ( 56 ,  0.24 ) ( 57 ,  0.36 ) ( 58 ,  0.24 ) ( 59 ,  0.21 ) ( 60 ,  1.17 ) ( 61 ,  0.22 ) ( 62 ,  0.28 ) ( 63 ,  0.38 ) ( 64 ,  0.27 ) ( 65 ,  0.43 ) ( 66 ,  0.32 ) ( 67 ,  0.22 ) ( 68 ,  0.17 ) ( 69 ,  0.2 ) ( 70 ,  1.02 ) ( 71 ,  0.24 ) ( 72 ,  0.21 ) ( 73 ,  8.53 ) ( 74 ,  0.17 ) ( 75 ,  0.65 ) ( 76 ,  0.22 ) ( 77 ,  0.11 ) ( 78 ,  0.19 ) ( 79 ,  0.12 ) ( 80 ,  0.64 ) ( 81 ,  0.1 ) ( 82 ,  0.12 ) ( 83 ,  0.12 ) ( 84 ,  0.13 ) ( 85 ,  0.31 ) ( 86 ,  0.1 ) ( 87 ,  0.11 ) ( 88 ,  0.1 ) ( 89 ,  0.1 ) ( 90 ,  0.57 ) ( 91 ,  0.08 ) ( 92 ,  7.58 ) ( 93 ,  0.1 ) ( 94 ,  0.1 ) ( 95 ,  0.4 ) ( 96 ,  0.15 ) ( 97 ,  0.08 ) ( 98 ,  0.11 ) ( 99 ,  0.14 ) 
( 1 ,  32.57 ) ( 2 ,  23.47 ) ( 3 ,  7.58 ) ( 4 ,  5.69 ) ( 5 ,  4.27 ) ( 6 ,  3.65 ) ( 7 ,  11.46 ) ( 8 ,  1.85 ) ( 9 ,  9.33 ) 
( 0 ,  24.7 ) ( 1 ,  15.85 ) ( 2 ,  13.96 ) ( 3 ,  12.97 ) ( 4 ,  6.39 ) ( 5 ,  9.06 ) ( 6 ,  4.78 ) ( 7 ,  4.35 ) ( 8 ,  4.39 ) ( 9 ,  3.43 ) 

        K-S Test for Benford Distribution

data:  num
D = 55.263, p-value < 2.2e-16


        K-S Test for Benford Distribution

data:  num
D = 91.501, p-value < 2.2e-16


        Chi-Square Test for Benford Distribution	

data:  num
chisq = 93979, p-value < 2.2e-16


        Chi-Square Test for Benford Distribution

data:  num
chisq = 1388600, p-value < 2.2e-16


XXXXXXXXXXXXXXXXXXXXXXXXXXXXXXXXXXXXXXXXXXXXXXXXXXXXXXXXXXXXXXXXXXXXXXXXXXXXXXX

africa do sul

mean =  14050.54 
median =  593.5 
skewness =  21.03044 
[1] 29.221890 18.234288 13.253527 10.239419  7.674220  6.498504  5.536554
[8]  5.237281  4.104318
 [1] 0.0000000 0.0000000 0.0000000 0.0000000 0.0000000 0.0000000 0.0000000
 [8] 0.0000000 0.0000000 5.0662676 3.3133818 3.2706285 3.1637452 2.6079521
[15] 2.4369389 2.4155622 2.3086789 2.5438221 2.0949124 2.7789654 1.8811458
[22] 1.6246259 1.6460026 2.1162890 2.1804190 1.5818726 1.7315092 1.3039761
[29] 1.3894827 2.2873023 1.2184694 1.4536127 1.4536127 1.5177426 0.9619496
[36] 0.9191962 1.0902095 1.2184694 1.1329628 1.9238991 0.9833262 0.9405729
[43] 0.9191962 0.8336896 1.0047029 0.8123130 0.8123130 1.1543395 0.8550663
[50] 1.2612227 0.5344164 0.7481830 0.8978196 0.7909363 0.7054297 0.7054297
[57] 0.6840530 0.6626764 0.6840530 1.0474562 0.6199230 0.5130398 0.4489098
[64] 0.7909363 0.5130398 0.4702864 0.6199230 0.5557931 0.9191962 0.9191962
[71] 0.5557931 0.5771697 0.5771697 0.4061565 0.5344164 0.5130398 0.6626764
[78] 0.4275331 0.3634032 0.9191962 0.5130398 0.6199230 0.4275331 0.4916631
[85] 0.5344164 0.4061565 0.4916631 0.4489098 0.3847798 0.8550663 0.4061565
[92] 0.2778965 0.4275331 0.4275331 0.3847798 0.4489098 0.2992732 0.2565199
[99] 0.3206499
( 10 ,  5.07 ) ( 11 ,  3.31 ) ( 12 ,  3.27 ) ( 13 ,  3.16 ) ( 14 ,  2.61 ) ( 15 ,  2.44 ) ( 16 ,  2.42 ) ( 17 ,  2.31 ) ( 18 ,  2.54 ) ( 19 ,  2.09 ) ( 20 ,  2.78 ) ( 21 ,  1.88 ) ( 22 ,  1.62 ) ( 23 ,  1.65 ) ( 24 ,  2.12 ) ( 25 ,  2.18 ) ( 26 ,  1.58 ) ( 27 ,  1.73 ) ( 28 ,  1.3 ) ( 29 ,  1.39 ) ( 30 ,  2.29 ) ( 31 ,  1.22 ) ( 32 ,  1.45 ) ( 33 ,  1.45 ) ( 34 ,  1.52 ) ( 35 ,  0.96 ) ( 36 ,  0.92 ) ( 37 ,  1.09 ) ( 38 ,  1.22 ) ( 39 ,  1.13 ) ( 40 ,  1.92 ) ( 41 ,  0.98 ) ( 42 ,  0.94 ) ( 43 ,  0.92 ) ( 44 ,  0.83 ) ( 45 ,  1 ) ( 46 ,  0.81 ) ( 47 ,  0.81 ) ( 48 ,  1.15 ) ( 49 ,  0.86 ) ( 50 ,  1.26 ) ( 51 ,  0.53 ) ( 52 ,  0.75 ) ( 53 ,  0.9 ) ( 54 ,  0.79 ) ( 55 ,  0.71 ) ( 56 ,  0.71 ) ( 57 ,  0.68 ) ( 58 ,  0.66 ) ( 59 ,  0.68 ) ( 60 ,  1.05 ) ( 61 ,  0.62 ) ( 62 ,  0.51 ) ( 63 ,  0.45 ) ( 64 ,  0.79 ) ( 65 ,  0.51 ) ( 66 ,  0.47 ) ( 67 ,  0.62 ) ( 68 ,  0.56 ) ( 69 ,  0.92 ) ( 70 ,  0.92 ) ( 71 ,  0.56 ) ( 72 ,  0.58 ) ( 73 ,  0.58 ) ( 74 ,  0.41 ) ( 75 ,  0.53 ) ( 76 ,  0.51 ) ( 77 ,  0.66 ) ( 78 ,  0.43 ) ( 79 ,  0.36 ) ( 80 ,  0.92 ) ( 81 ,  0.51 ) ( 82 ,  0.62 ) ( 83 ,  0.43 ) ( 84 ,  0.49 ) ( 85 ,  0.53 ) ( 86 ,  0.41 ) ( 87 ,  0.49 ) ( 88 ,  0.45 ) ( 89 ,  0.38 ) ( 90 ,  0.86 ) ( 91 ,  0.41 ) ( 92 ,  0.28 ) ( 93 ,  0.43 ) ( 94 ,  0.43 ) ( 95 ,  0.38 ) ( 96 ,  0.45 ) ( 97 ,  0.3 ) ( 98 ,  0.26 ) ( 99 ,  0.32 ) 
( 1 ,  29.22 ) ( 2 ,  18.23 ) ( 3 ,  13.25 ) ( 4 ,  10.24 ) ( 5 ,  7.67 ) ( 6 ,  6.5 ) ( 7 ,  5.54 ) ( 8 ,  5.24 ) ( 9 ,  4.1 ) 
( 0 ,  17.06 ) ( 1 ,  10.03 ) ( 2 ,  10.03 ) ( 3 ,  9.96 ) ( 4 ,  9.98 ) ( 5 ,  9.26 ) ( 6 ,  8.27 ) ( 7 ,  8.7 ) ( 8 ,  8.57 ) ( 9 ,  8.14 )

        K-S Test for Benford Distribution

data:  num
D = 0.71961, p-value = 0.3374


        K-S Test for Benford Distribution

data:  num
D = 0.99402, p-value = 0.211


        Chi-Square Test for Benford Distribution

data:  num
chisq = 9.4424, p-value = 0.3064


        Chi-Square Test for Benford Distribution

data:  num
chisq = 217.98, p-value = 8.095e-13



XXXXXXXXXXXXXXXXXXXXXXXXXXXXXXXXXXXXXXXXXXXXXXXXXXXXXXXXXXXXXXXXXXXXXXXXXXXXXXX

mexico


mean =  1672343 
median =  417960.5 
skewness =  115.1067 
[1] 27.922563 17.557420 12.757214 10.177229  8.531209  6.675608  5.839522
[8]  5.127468  5.352740
 [1] 0.0000000 0.0000000 0.0000000 0.0000000 0.0000000 0.0000000 0.0000000
 [8] 0.0000000 0.0000000 4.2626160 3.3297718 3.1422317 2.8579327 2.7798533
[15] 2.7977854 2.1682930 2.1623156 2.0080246 2.4137390 2.4992902 1.6874879
[22] 1.6381745 1.4633363 1.9871038 1.7547333 1.5627101 1.3975851 1.4439098
[29] 2.1230891 1.6669406 1.1357014 1.3508869 0.9724443 1.4327022 1.4095399
[36] 1.3688190 0.9063196 0.9821575 1.5317025 1.2298450 1.1222523 0.8801686
[43] 0.8775535 1.1767958 1.1827732 0.7202738 0.7636097 0.8170325 1.4069248
[50] 1.4024418 0.8263722 1.0520181 0.6347226 0.7057039 0.8035834 0.5988583
[57] 0.7811683 0.6104395 1.1159013 0.9477876 0.5174166 0.6799265 0.6123074
[64] 0.6556434 0.6952435 0.5323600 0.7210209 0.6212735 0.6926284 0.7172851
[71] 0.5207789 0.6477981 0.4946278 0.5947489 0.6433151 0.4595108 0.4710919
[78] 0.5013524 0.7890136 0.7804211 0.5159222 0.4288767 0.4535334 0.4714655
[85] 0.5973640 0.4430730 0.4617523 0.4460617 0.5289977 0.5895187 0.7415682
[92] 0.4486768 0.3657407 0.4557749 0.4094502 0.3881558 0.4348541 0.5383374
[99] 0.9806632
( 10 ,  4.26 ) ( 11 ,  3.33 ) ( 12 ,  3.14 ) ( 13 ,  2.86 ) ( 14 ,  2.78 ) ( 15 ,  2.8 ) ( 16 ,  2.17 ) ( 17 ,  2.16 ) ( 18 ,  2.01 ) ( 19 ,  2.41 ) ( 20 ,  2.5 ) ( 21 ,  1.69 ) ( 22 ,  1.64 ) ( 23 ,  1.46 ) ( 24 ,  1.99 ) ( 25 ,  1.75 ) ( 26 ,  1.56 ) ( 27 ,  1.4 ) ( 28 ,  1.44 ) ( 29 ,  2.12 ) ( 30 ,  1.67 ) ( 31 ,  1.14 ) ( 32 ,  1.35 ) ( 33 ,  0.97 ) ( 34 ,  1.43 ) ( 35 ,  1.41 ) ( 36 ,  1.37 ) ( 37 ,  0.91 ) ( 38 ,  0.98 ) ( 39 ,  1.53 ) ( 40 ,  1.23 ) ( 41 ,  1.12 ) ( 42 ,  0.88 ) ( 43 ,  0.88 ) ( 44 ,  1.18 ) ( 45 ,  1.18 ) ( 46 ,  0.72 ) ( 47 ,  0.76 ) ( 48 ,  0.82 ) ( 49 ,  1.41 ) ( 50 ,  1.4 ) ( 51 ,  0.83 ) ( 52 ,  1.05 ) ( 53 ,  0.63 ) ( 54 ,  0.71 ) ( 55 ,  0.8 ) ( 56 ,  0.6 ) ( 57 ,  0.78 ) ( 58 ,  0.61 ) ( 59 ,  1.12 ) ( 60 ,  0.95 ) ( 61 ,  0.52 ) ( 62 ,  0.68 ) ( 63 ,  0.61 ) ( 64 ,  0.66 ) ( 65 ,  0.7 ) ( 66 ,  0.53 ) ( 67 ,  0.72 ) ( 68 ,  0.62 ) ( 69 ,  0.69 ) ( 70 ,  0.72 ) ( 71 ,  0.52 ) ( 72 ,  0.65 ) ( 73 ,  0.49 ) ( 74 ,  0.59 ) ( 75 ,  0.64 ) ( 76 ,  0.46 ) ( 77 ,  0.47 ) ( 78 ,  0.5 ) ( 79 ,  0.79 ) ( 80 ,  0.78 ) ( 81 ,  0.52 ) ( 82 ,  0.43 ) ( 83 ,  0.45 ) ( 84 ,  0.47 ) ( 85 ,  0.6 ) ( 86 ,  0.44 ) ( 87 ,  0.46 ) ( 88 ,  0.45 ) ( 89 ,  0.53 ) ( 90 ,  0.59 ) ( 91 ,  0.74 ) ( 92 ,  0.45 ) ( 93 ,  0.37 ) ( 94 ,  0.46 ) ( 95 ,  0.41 ) ( 96 ,  0.39 ) ( 97 ,  0.43 ) ( 98 ,  0.54 ) ( 99 ,  0.98 ) 
( 1 ,  27.92 ) ( 2 ,  17.56 ) ( 3 ,  12.76 ) ( 4 ,  10.18 ) ( 5 ,  8.53 ) ( 6 ,  6.68 ) ( 7 ,  5.84 ) ( 8 ,  5.13 ) ( 9 ,  5.35 ) 
( 0 ,  14.1 ) ( 1 ,  10.4 ) ( 2 ,  10.27 ) ( 3 ,  8.73 ) ( 4 ,  10.26 ) ( 5 ,  10.29 ) ( 6 ,  8.24 ) ( 7 ,  8.1 ) ( 8 ,  7.97 ) ( 9 ,  11.58 ) 

        K-S Test for Benford Distribution

data:  num
D = 11.549, p-value < 2.2e-16


        K-S Test for Benford Distribution

data:  num
D = 14.915, p-value < 2.2e-16


        Chi-Square Test for Benford Distribution

data:  num
chisq = 984.52, p-value < 2.2e-16


        Chi-Square Test for Benford Distribution

data:  num
chisq = 11109, p-value < 2.2e-16


XXXXXXXXXXXXXXXXXXXXXXXXXXXXXXXXXXXXXXXXXXXXXXXXXXXXXXXXXXXXXXXXXXXXXXXXXXXXXXX

russia


mean =  1640116 
median =  104148.7 
skewness =  8.271899 
[1] 31.111111 23.888889  8.888889 10.555556  4.444444  6.666667  9.444444
[8]  2.777778  2.222222
 [1] 0.0000000 0.0000000 0.0000000 0.0000000 0.0000000 0.0000000 0.0000000
 [8] 0.0000000 0.0000000 6.6666667 2.7777778 1.6666667 4.4444444 4.4444444
[15] 1.1111111 2.2222222 1.1111111 1.6666667 5.0000000 1.6666667 3.8888889
[22] 3.3333333 1.6666667 3.8888889 1.6666667 2.2222222 2.2222222 0.5555556
[29] 2.7777778 0.5555556 0.0000000 1.1111111 1.1111111 1.6666667 0.0000000
[36] 1.1111111 0.0000000 1.6666667 1.6666667 1.1111111 0.5555556 1.1111111
[43] 0.5555556 2.2222222 1.1111111 0.0000000 0.5555556 2.2222222 1.1111111
[50] 0.5555556 0.0000000 1.6666667 0.0000000 0.0000000 0.5555556 0.0000000
[57] 0.5555556 0.0000000 1.1111111 1.1111111 0.5555556 0.5555556 0.5555556
[64] 1.1111111 0.5555556 0.0000000 1.1111111 0.0000000 1.1111111 0.0000000
[71] 2.2222222 2.7777778 0.0000000 1.1111111 1.6666667 0.5555556 0.0000000
[78] 0.5555556 0.5555556 0.0000000 0.5555556 0.0000000 0.0000000 0.0000000
[85] 1.1111111 0.0000000 0.5555556 0.0000000 0.5555556 0.0000000 0.0000000
[92] 0.0000000 0.0000000 0.5555556 0.0000000 0.5555556 0.5555556 0.0000000
[99] 0.5555556
( 10 ,  6.67 ) ( 11 ,  2.78 ) ( 12 ,  1.67 ) ( 13 ,  4.44 ) ( 14 ,  4.44 ) ( 15 ,  1.11 ) ( 16 ,  2.22 ) ( 17 ,  1.11 ) ( 18 ,  1.67 ) ( 19 ,  5 ) ( 20 ,  1.67 ) ( 21 ,  3.89 ) ( 22 ,  3.33 ) ( 23 ,  1.67 ) ( 24 ,  3.89 ) ( 25 ,  1.67 ) ( 26 ,  2.22 ) ( 27 ,  2.22 ) ( 28 ,  0.56 ) ( 29 ,  2.78 ) ( 30 ,  0.56 ) ( 31 ,  0 ) ( 32 ,  1.11 ) ( 33 ,  1.11 ) ( 34 ,  1.67 ) ( 35 ,  0 ) ( 36 ,  1.11 ) ( 37 ,  0 ) ( 38 ,  1.67 ) ( 39 ,  1.67 ) ( 40 ,  1.11 ) ( 41 ,  0.56 ) ( 42 ,  1.11 ) ( 43 ,  0.56 ) ( 44 ,  2.22 ) ( 45 ,  1.11 ) ( 46 ,  0 ) ( 47 ,  0.56 ) ( 48 ,  2.22 ) ( 49 ,  1.11 ) ( 50 ,  0.56 ) ( 51 ,  0 ) ( 52 ,  1.67 ) ( 53 ,  0 ) ( 54 ,  0 ) ( 55 ,  0.56 ) ( 56 ,  0 ) ( 57 ,  0.56 ) ( 58 ,  0 ) ( 59 ,  1.11 ) ( 60 ,  1.11 ) ( 61 ,  0.56 ) ( 62 ,  0.56 ) ( 63 ,  0.56 ) ( 64 ,  1.11 ) ( 65 ,  0.56 ) ( 66 ,  0 ) ( 67 ,  1.11 ) ( 68 ,  0 ) ( 69 ,  1.11 ) ( 70 ,  0 ) ( 71 ,  2.22 ) ( 72 ,  2.78 ) ( 73 ,  0 ) ( 74 ,  1.11 ) ( 75 ,  1.67 ) ( 76 ,  0.56 ) ( 77 ,  0 ) ( 78 ,  0.56 ) ( 79 ,  0.56 ) ( 80 ,  0 ) ( 81 ,  0.56 ) ( 82 ,  0 ) ( 83 ,  0 ) ( 84 ,  0 ) ( 85 ,  1.11 ) ( 86 ,  0 ) ( 87 ,  0.56 ) ( 88 ,  0 ) ( 89 ,  0.56 ) ( 90 ,  0 ) ( 91 ,  0 ) ( 92 ,  0 ) ( 93 ,  0 ) ( 94 ,  0.56 ) ( 95 ,  0 ) ( 96 ,  0.56 ) ( 97 ,  0.56 ) ( 98 ,  0 ) ( 99 ,  0.56 ) 
( 1 ,  31.11 ) ( 2 ,  23.89 ) ( 3 ,  8.89 ) ( 4 ,  10.56 ) ( 5 ,  4.44 ) ( 6 ,  6.67 ) ( 7 ,  9.44 ) ( 8 ,  2.78 ) ( 9 ,  2.22 ) 
( 0 ,  11.67 ) ( 1 ,  10.56 ) ( 2 ,  12.22 ) ( 3 ,  8.33 ) ( 4 ,  15 ) ( 5 ,  7.78 ) ( 6 ,  6.67 ) ( 7 ,  6.67 ) ( 8 ,  6.67 ) ( 9 ,  14.44 )

        K-S Test for Benford Distribution

data:  num
D = 0.97777, p-value = 0.1182


        K-S Test for Benford Distribution

data:  num
D = 0.97777, p-value = 0.2194


        Chi-Square Test for Benford Distribution

data:  num
chisq = 17.072, p-value = 0.02937


        Chi-Square Test for Benford Distribution

data:  num
chisq = 105, p-value = 0.1183


XXXXXXXXXXXXXXXXXXXXXXXXXXXXXXXXXXXXXXXXXXXXXXXXXXXXXXXXXXXXXXXXXXXXXXXXXXXXXXX

india

mean =  15207.81 
median =  4349.76 
skewness =  6.065047 
[1] 30.252101 14.565826  9.523810  9.243697  8.403361  8.403361  7.843137
[8]  6.162465  5.602241
 [1] 0.0000000 0.0000000 0.0000000 0.0000000 0.0000000 0.0000000 0.0000000
 [8] 0.0000000 0.0000000 5.6022409 3.0812325 4.7619048 3.0812325 2.5210084
[15] 3.3613445 1.9607843 1.1204482 2.8011204 1.9607843 1.6806723 1.6806723
[22] 1.4005602 1.1204482 1.9607843 0.8403361 1.6806723 1.1204482 0.8403361
[29] 2.2408964 0.2801120 1.1204482 1.1204482 1.4005602 1.1204482 1.1204482
[36] 1.4005602 0.5602241 0.5602241 0.8403361 1.4005602 0.2801120 0.8403361
[43] 1.4005602 0.0000000 0.5602241 1.1204482 0.2801120 2.2408964 1.1204482
[50] 0.2801120 0.8403361 1.6806723 1.1204482 1.4005602 0.8403361 1.4005602
[57] 0.2801120 0.5602241 0.0000000 0.5602241 0.5602241 1.4005602 0.5602241
[64] 1.1204482 1.6806723 0.5602241 0.2801120 0.8403361 0.8403361 0.5602241
[71] 1.4005602 0.8403361 0.2801120 0.5602241 0.8403361 0.2801120 1.9607843
[78] 0.5602241 0.5602241 0.2801120 0.0000000 0.5602241 1.1204482 0.2801120
[85] 0.8403361 1.1204482 1.4005602 0.2801120 0.2801120 0.5602241 0.2801120
[92] 1.4005602 1.6806723 0.2801120 0.0000000 0.0000000 0.2801120 0.5602241
[99] 0.5602241
( 10 ,  5.6 ) ( 11 ,  3.08 ) ( 12 ,  4.76 ) ( 13 ,  3.08 ) ( 14 ,  2.52 ) ( 15 ,  3.36 ) ( 16 ,  1.96 ) ( 17 ,  1.12 ) ( 18 ,  2.8 ) ( 19 ,  1.96 ) ( 20 ,  1.68 ) ( 21 ,  1.68 ) ( 22 ,  1.4 ) ( 23 ,  1.12 ) ( 24 ,  1.96 ) ( 25 ,  0.84 ) ( 26 ,  1.68 ) ( 27 ,  1.12 ) ( 28 ,  0.84 ) ( 29 ,  2.24 ) ( 30 ,  0.28 ) ( 31 ,  1.12 ) ( 32 ,  1.12 ) ( 33 ,  1.4 ) ( 34 ,  1.12 ) ( 35 ,  1.12 ) ( 36 ,  1.4 ) ( 37 ,  0.56 ) ( 38 ,  0.56 ) ( 39 ,  0.84 ) ( 40 ,  1.4 ) ( 41 ,  0.28 ) ( 42 ,  0.84 ) ( 43 ,  1.4 ) ( 44 ,  0 ) ( 45 ,  0.56 ) ( 46 ,  1.12 ) ( 47 ,  0.28 ) ( 48 ,  2.24 ) ( 49 ,  1.12 ) ( 50 ,  0.28 ) ( 51 ,  0.84 ) ( 52 ,  1.68 ) ( 53 ,  1.12 ) ( 54 ,  1.4 ) ( 55 ,  0.84 ) ( 56 ,  1.4 ) ( 57 ,  0.28 ) ( 58 ,  0.56 ) ( 59 ,  0 ) ( 60 ,  0.56 ) ( 61 ,  0.56 ) ( 62 ,  1.4 ) ( 63 ,  0.56 ) ( 64 ,  1.12 ) ( 65 ,  1.68 ) ( 66 ,  0.56 ) ( 67 ,  0.28 ) ( 68 ,  0.84 ) ( 69 ,  0.84 ) ( 70 ,  0.56 ) ( 71 ,  1.4 ) ( 72 ,  0.84 ) ( 73 ,  0.28 ) ( 74 ,  0.56 ) ( 75 ,  0.84 ) ( 76 ,  0.28 ) ( 77 ,  1.96 ) ( 78 ,  0.56 ) ( 79 ,  0.56 ) ( 80 ,  0.28 ) ( 81 ,  0 ) ( 82 ,  0.56 ) ( 83 ,  1.12 ) ( 84 ,  0.28 ) ( 85 ,  0.84 ) ( 86 ,  1.12 ) ( 87 ,  1.4 ) ( 88 ,  0.28 ) ( 89 ,  0.28 ) ( 90 ,  0.56 ) ( 91 ,  0.28 ) ( 92 ,  1.4 ) ( 93 ,  1.68 ) ( 94 ,  0.28 ) ( 95 ,  0 ) ( 96 ,  0 ) ( 97 ,  0.28 ) ( 98 ,  0.56 ) ( 99 ,  0.56 ) 
( 1 ,  30.25 ) ( 2 ,  14.57 ) ( 3 ,  9.52 ) ( 4 ,  9.24 ) ( 5 ,  8.4 ) ( 6 ,  8.4 ) ( 7 ,  7.84 ) ( 8 ,  6.16 ) ( 9 ,  5.6 ) 
( 0 ,  11.2 ) ( 1 ,  9.24 ) ( 2 ,  14.01 ) ( 3 ,  11.76 ) ( 4 ,  9.24 ) ( 5 ,  10.08 ) ( 6 ,  9.52 ) ( 7 ,  7.28 ) ( 8 ,  9.24 ) ( 9 ,  8.4 )

        K-S Test for Benford Distribution

data:  num
D = 1.1925, p-value = 0.0378


        K-S Test for Benford Distribution

data:  num
D = 1.4927, p-value = 0.0155


        Chi-Square Test for Benford Distribution

data:  num
chisq = 10.297, p-value = 0.2448


        Chi-Square Test for Benford Distribution

data:  num
chisq = 116.19, p-value = 0.02809


XXXXXXXXXXXXXXXXXXXXXXXXXXXXXXXXXXXXXXXXXXXXXXXXXXXXXXXXXXXXXXXXXXXXXXXXXXXXXXX

portugal

mean =  23468516 
median =  13668673 
skewness =  9.992338 
[1] 34.740260 13.636364  7.467532  5.519481  8.441558  5.519481 10.064935
[8]  6.493506  8.116883
 [1] 0.0000000 0.0000000 0.0000000 0.0000000 0.0000000 0.0000000 0.0000000
 [8] 0.0000000 0.0000000 6.1688312 3.2467532 3.5714286 4.2207792 4.2207792
[15] 4.2207792 3.2467532 3.8961039 0.3246753 1.6233766 0.6493506 2.2727273
[22] 0.9740260 3.2467532 1.2987013 0.3246753 1.6233766 0.9740260 1.2987013
[29] 0.9740260 1.6233766 0.6493506 1.2987013 0.3246753 0.3246753 0.6493506
[36] 1.2987013 0.3246753 0.6493506 0.3246753 1.2987013 0.0000000 0.3246753
[43] 0.6493506 0.6493506 0.3246753 0.6493506 0.6493506 0.9740260 0.0000000
[50] 0.6493506 1.2987013 0.9740260 1.6233766 0.3246753 0.9740260 0.0000000
[57] 0.9740260 0.0000000 1.6233766 0.6493506 0.6493506 0.3246753 0.6493506
[64] 0.0000000 0.6493506 1.2987013 0.6493506 0.0000000 0.6493506 1.2987013
[71] 1.9480519 0.3246753 0.9740260 0.6493506 0.3246753 0.3246753 1.2987013
[78] 1.6233766 1.2987013 0.6493506 0.0000000 0.3246753 0.0000000 1.2987013
[85] 0.6493506 0.9740260 0.9740260 0.9740260 0.6493506 1.6233766 0.3246753
[92] 1.2987013 0.0000000 0.9740260 0.0000000 1.2987013 0.3246753 1.6233766
[99] 0.6493506
( 10 ,  6.17 ) ( 11 ,  3.25 ) ( 12 ,  3.57 ) ( 13 ,  4.22 ) ( 14 ,  4.22 ) ( 15 ,  4.22 ) ( 16 ,  3.25 ) ( 17 ,  3.9 ) ( 18 ,  0.32 ) ( 19 ,  1.62 ) ( 20 ,  0.65 ) ( 21 ,  2.27 ) ( 22 ,  0.97 ) ( 23 ,  3.25 ) ( 24 ,  1.3 ) ( 25 ,  0.32 ) ( 26 ,  1.62 ) ( 27 ,  0.97 ) ( 28 ,  1.3 ) ( 29 ,  0.97 ) ( 30 ,  1.62 ) ( 31 ,  0.65 ) ( 32 ,  1.3 ) ( 33 ,  0.32 ) ( 34 ,  0.32 ) ( 35 ,  0.65 ) ( 36 ,  1.3 ) ( 37 ,  0.32 ) ( 38 ,  0.65 ) ( 39 ,  0.32 ) ( 40 ,  1.3 ) ( 41 ,  0 ) ( 42 ,  0.32 ) ( 43 ,  0.65 ) ( 44 ,  0.65 ) ( 45 ,  0.32 ) ( 46 ,  0.65 ) ( 47 ,  0.65 ) ( 48 ,  0.97 ) ( 49 ,  0 ) ( 50 ,  0.65 ) ( 51 ,  1.3 ) ( 52 ,  0.97 ) ( 53 ,  1.62 ) ( 54 ,  0.32 ) ( 55 ,  0.97 ) ( 56 ,  0 ) ( 57 ,  0.97 ) ( 58 ,  0 ) ( 59 ,  1.62 ) ( 60 ,  0.65 ) ( 61 ,  0.65 ) ( 62 ,  0.32 ) ( 63 ,  0.65 ) ( 64 ,  0 ) ( 65 ,  0.65 ) ( 66 ,  1.3 ) ( 67 ,  0.65 ) ( 68 ,  0 ) ( 69 ,  0.65 ) ( 70 ,  1.3 ) ( 71 ,  1.95 ) ( 72 ,  0.32 ) ( 73 ,  0.97 ) ( 74 ,  0.65 ) ( 75 ,  0.32 ) ( 76 ,  0.32 ) ( 77 ,  1.3 ) ( 78 ,  1.62 ) ( 79 ,  1.3 ) ( 80 ,  0.65 ) ( 81 ,  0 ) ( 82 ,  0.32 ) ( 83 ,  0 ) ( 84 ,  1.3 ) ( 85 ,  0.65 ) ( 86 ,  0.97 ) ( 87 ,  0.97 ) ( 88 ,  0.97 ) ( 89 ,  0.65 ) ( 90 ,  1.62 ) ( 91 ,  0.32 ) ( 92 ,  1.3 ) ( 93 ,  0 ) ( 94 ,  0.97 ) ( 95 ,  0 ) ( 96 ,  1.3 ) ( 97 ,  0.32 ) ( 98 ,  1.62 ) ( 99 ,  0.65 ) 
( 1 ,  34.74 ) ( 2 ,  13.64 ) ( 3 ,  7.47 ) ( 4 ,  5.52 ) ( 5 ,  8.44 ) ( 6 ,  5.52 ) ( 7 ,  10.06 ) ( 8 ,  6.49 ) ( 9 ,  8.12 ) 
( 0 ,  14.61 ) ( 1 ,  10.39 ) ( 2 ,  9.42 ) ( 3 ,  11.69 ) ( 4 ,  9.74 ) ( 5 ,  8.12 ) ( 6 ,  10.71 ) ( 7 ,  10.06 ) ( 8 ,  7.47 ) ( 9 ,  7.79 )

        K-S Test for Benford Distribution

data:  num
D = 1.612, p-value = 0.0026


        K-S Test for Benford Distribution

data:  num
D = 1.6194, p-value = 0.0061


        Chi-Square Test for Benford Distribution

data:  num
chisq = 36.71, p-value = 1.301e-05


        Chi-Square Test for Benford Distribution

data:  num
chisq = 140.41, p-value = 0.00042

XXXXXXXXXXXXXXXXXXXXXXXXXXXXXXXXXXXXXXXXXXXXXXXXXXXXXXXXXXXXXXXXXXXXXXXXXXXXXXX

uruguai

mean =  4679823 
median =  92535.62 
skewness =  38.51736 
[1] 31.246590 16.639389 12.970540  9.901800  7.760502  6.642117  5.455537
[8]  5.019094  4.364430
 [1] 0.0000000 0.0000000 0.0000000 0.0000000 0.0000000 0.0000000 0.0000000
 [8] 0.0000000 0.0000000 4.1189307 3.9143481 3.2460447 3.3960720 3.2460447
[15] 2.4413530 3.2187670 2.8505183 2.2094926 2.6050191 2.0594654 2.1003819
[22] 1.7730496 1.5548282 1.8548827 1.8412439 1.2547736 1.2956901 1.4729951
[29] 1.4320786 1.2684124 1.4457174 1.7321331 1.7184943 1.4184397 1.1183852
[36] 1.1865794 0.9138025 1.2411348 0.9274414 0.8728860 0.9138025 0.9683579
[43] 1.1047463 0.8183306 1.1729405 1.0501909 0.9410802 1.2002182 0.8592471
[50] 0.7228587 0.7501364 0.9410802 0.7910529 0.9138025 0.5046372 0.7910529
[57] 0.7228587 0.9683579 0.6546645 0.6955810 0.6273868 0.5591926 0.8456083
[64] 0.6683033 0.6137480 0.5591926 0.8046918 0.5864703 0.6819422 0.4637207
[71] 0.5728314 0.7501364 0.7092199 0.5455537 0.5455537 0.5046372 0.3546099
[78] 0.5319149 0.4773595 0.5728314 0.6273868 0.6955810 0.4909984 0.4091653
[85] 0.6683033 0.5046372 0.3136934 0.3136934 0.4228041 0.4909984 0.4773595
[92] 0.5046372 0.3273322 0.5046372 0.3955265 0.4364430 0.5182761 0.3409711
[99] 0.3682488
( 10 ,  4.12 ) ( 11 ,  3.91 ) ( 12 ,  3.25 ) ( 13 ,  3.4 ) ( 14 ,  3.25 ) ( 15 ,  2.44 ) ( 16 ,  3.22 ) ( 17 ,  2.85 ) ( 18 ,  2.21 ) ( 19 ,  2.61 ) ( 20 ,  2.06 ) ( 21 ,  2.1 ) ( 22 ,  1.77 ) ( 23 ,  1.55 ) ( 24 ,  1.85 ) ( 25 ,  1.84 ) ( 26 ,  1.25 ) ( 27 ,  1.3 ) ( 28 ,  1.47 ) ( 29 ,  1.43 ) ( 30 ,  1.27 ) ( 31 ,  1.45 ) ( 32 ,  1.73 ) ( 33 ,  1.72 ) ( 34 ,  1.42 ) ( 35 ,  1.12 ) ( 36 ,  1.19 ) ( 37 ,  0.91 ) ( 38 ,  1.24 ) ( 39 ,  0.93 ) ( 40 ,  0.87 ) ( 41 ,  0.91 ) ( 42 ,  0.97 ) ( 43 ,  1.1 ) ( 44 ,  0.82 ) ( 45 ,  1.17 ) ( 46 ,  1.05 ) ( 47 ,  0.94 ) ( 48 ,  1.2 ) ( 49 ,  0.86 ) ( 50 ,  0.72 ) ( 51 ,  0.75 ) ( 52 ,  0.94 ) ( 53 ,  0.79 ) ( 54 ,  0.91 ) ( 55 ,  0.5 ) ( 56 ,  0.79 ) ( 57 ,  0.72 ) ( 58 ,  0.97 ) ( 59 ,  0.65 ) ( 60 ,  0.7 ) ( 61 ,  0.63 ) ( 62 ,  0.56 ) ( 63 ,  0.85 ) ( 64 ,  0.67 ) ( 65 ,  0.61 ) ( 66 ,  0.56 ) ( 67 ,  0.8 ) ( 68 ,  0.59 ) ( 69 ,  0.68 ) ( 70 ,  0.46 ) ( 71 ,  0.57 ) ( 72 ,  0.75 ) ( 73 ,  0.71 ) ( 74 ,  0.55 ) ( 75 ,  0.55 ) ( 76 ,  0.5 ) ( 77 ,  0.35 ) ( 78 ,  0.53 ) ( 79 ,  0.48 ) ( 80 ,  0.57 ) ( 81 ,  0.63 ) ( 82 ,  0.7 ) ( 83 ,  0.49 ) ( 84 ,  0.41 ) ( 85 ,  0.67 ) ( 86 ,  0.5 ) ( 87 ,  0.31 ) ( 88 ,  0.31 ) ( 89 ,  0.42 ) ( 90 ,  0.49 ) ( 91 ,  0.48 ) ( 92 ,  0.5 ) ( 93 ,  0.33 ) ( 94 ,  0.5 ) ( 95 ,  0.4 ) ( 96 ,  0.44 ) ( 97 ,  0.52 ) ( 98 ,  0.34 ) ( 99 ,  0.37 ) 
( 1 ,  31.25 ) ( 2 ,  16.64 ) ( 3 ,  12.97 ) ( 4 ,  9.9 ) ( 5 ,  7.76 ) ( 6 ,  6.64 ) ( 7 ,  5.46 ) ( 8 ,  5.02 ) ( 9 ,  4.36 ) 
( 0 ,  11.27 ) ( 1 ,  11.43 ) ( 2 ,  11.17 ) ( 3 ,  10.94 ) ( 4 ,  10.38 ) ( 5 ,  9.3 ) ( 6 ,  9.51 ) ( 7 ,  8.72 ) ( 8 ,  8.87 ) ( 9 ,  8.43 )

        K-S Test for Benford Distribution

data:  num
D = 0.97922, p-value = 0.1184


        K-S Test for Benford Distribution

data:  num
D = 0.99684, p-value = 0.2033


        Chi-Square Test for Benford Distribution

data:  num
chisq = 11.372, p-value = 0.1815


        Chi-Square Test for Benford Distribution

data:  num
chisq = 161.47, p-value = 4.136e-06


XXXXXXXXXXXXXXXXXXXXXXXXXXXXXXXXXXXXXXXXXXXXXXXXXXXXXXXXXXXXXXXXXXXXXXXXXXXXXXX

-[\d\.]*\n

\.[\d]*\n

\n-[\d\.]*\n

[^\d\.\n]