18717
3866
380
2
2441
1507
1169
1944
240
168
221
799
338
257
308
1401
434
199
196
4420
252
437
2382
684
498
559
8415
52234
53909
2841
20
3456
6879
500
87
1710
15
5
60
265
39
1552
458
4087
23016
27964
7126
3644
13658
1055
274
451
2177
12
1808
18
188
536
24
2240
8036
45065
49032
12168
2551
85
741
1020
974
374
147
255
51
114
61
389
298
490
452
3479
4576
23777
2254
2461
59
9148
6088
10452
29970
5342
294
35
212
1
103
889
180
13
14
27
24
11
345
25
39218
74532
24764
1354
108
2795
3857
3307
486
31
1742
106
541
329
636
383
2950
31887
6467
1389
74
380
2
324
241
4
144
52
57
88
293
6
66
44
9
123
462
124
1
19
2451
18434
31254
881
468
543
167
123
3
90
5
10
9
24
611
3020
5954
2234
704
49
100
415
81
48
138
116
32
5
3
24
45
301
80
73
5
1949
1171
395
732
16
194
240
59
37
8
600
73
15
735
2764
792211
39333
185158
283
85710
213841
40602
97646
3331
1762
13784
407
3425
11481
30559
258
29705
18206
7
9108
12947
75
12621
71975
76
6669
24135
244876
677852
2627129
14656
1592
480
363
7140
855
5455
483
497
174
1282
19
1385
160
208
255
26
13
17904
20512
16066
3640
5372
36
386
1003
207
5
292
11
727
113
991
4
25
126
408
1922
49804
80877
32474
5397
390
331
8470
1310
207
167
41
652
120
76
216
151
418
539
128
258
3246
102
841954
882555
9836
1810
84
252
135
345
112
39
215
80
77
671
14
39
5
148
34
19
1
558
208
7
1401
5568
876
14
115
1192
680
37
66
2
15
17
107
62
87
554
25406
29230
15772
2115
45
1594
972
199
770
705
1029
244
253
415
10
50
45
169
366
1187
222
1209
32
60
8083
42557
78103
17572
2460
3
14
897
737
959
724
136
248
181
289
1961
452
2
895
81
51
1704
214
101
2789
435
31
58
3
239
184
4
2337
64098
99859
8934
1644
3084
2590
59
39
1078
273
194
184
562
8
72
125
204
110
1979
260
1381
19826
10316
1288
3435
1309
1
548
632
407
1612
638
349
120
335
19
308
358
184
642
290
710
528
1680
22748
4579
1507
4
1317
71
49
38
833
10
9
1
46
30
125
23
116
12659
21417
25997
2543
88
12318
3668
820
6
2
384
1493
107
50
612
6258
25293
79634
6543
1240
310
2917
1777
276
374
74
72
346
23
17
75
30
3
2137
12603
17149
2918
133
1119
162
1180
6422
86
97
959
92
590
23
79
157
30
102
1
255
9017
28958
69529
7682
1435
1214
84
272
171
1
156
1
27
74
31
5
153
210
305
480
838
11753
10687
1416
5359
3
52
113
11
175
209
294
27
590
5
87
488
547
6172
1670
79
867
131
511
70
455
1176
32
194
157
279
6
402
314
23
7146
10769
24871
2773
151
526
4031
6620
2448
11
382
600
10
695
13
20
323
42
2780
9
1001
34
21935
63197
9040
2415
385
38
2021
997
358
110
201
158
2
85
79
98
102
252
202
139
265
1909
158
821
28657
45382
3639
1400
742
49
428
382
240
273
4
18
164
77
10
122
47
8
340
19903
27827
6179
2290
1424
16338
37859
558
768
877
271
11
107
687
343
2273
3695
36712
3325
1868
2219
322
112
16
1290
62
135
171
546
20
1916
48689
159030
3676
2295
6375
113346
4017
1354
204
122
479
239
1108
3
2016
436
35
2032
7585
2870
499
2113
36939
223632
569130
6412
1033
21
237
95
332
2
168
53
1
479
8
6934
103259
14821
21037
1501
2662
11724
1102
1897
5108
12641
704
543
2375
1079
598
5092
4069
220
5731
12858
23696
2766
20
30943
3290
1336
222
55102
59
2457
7
754
1738
2484
1130
2927
92620
220550
7047
3073
1781
192
401
713
918
827
10
724
45
161
171
514
16
151
546
211
142
2568
2393
10058
1172
13
106
1015
1406
124
376
69
125
2
4
191
179
25
836
1
4878
2428
17466
4447
21
120
2831
482
1185
49
2001
248
135
694
424
96
142
225
1
914
592
4173
26790
63036
17660
6260
25
271
135
3474
12
2910
609
18
1
350
49
331
457
3176
1830
7326
2962
5794
18
5398
387
126
167
572
395
192
184
43
39
933
12387
12458
3986
1116
497
4584
9895
7800
665
1607
325
1178
350
8024
467
1
370
137
1584
1487
3166
1782
4249
19346
85074
18634
1485
4616
1000
1361
568
31
1605
109
165
66
93
829
2
117
330
4
137
3456
10390
24568
6900
3817
7299
111419
1056
670
114
1940
440
56
122
389
364
238
2029
218
1825
5762
24433
4042
965
34
61
1121
164
89
39
40
9
33
27
237
429
218
259
1
301
1660
1910
5545
313
37
3527
675
1764
11
2028
283
18
337
483
109
645
68
8214
12073
37971
9862
2623
677
689
136
6
1089
2
594
181
182
73
291
1
51
1351
179
10
19322
4911
699
444
9751
1374
918
49
136
489
165
268
95
182
191
3
53
2
405
42
1813
9951
12739
2833
4957
4812
3231
223
181
840
333
324
177
351
244
523
38
2832
13870
12428
737
1439
4598
535
4
34
57
3270
274
485
3767
139
6043
27168
11537
3440
4
15014
3840
3041
482
60
184
1
187
85
571
707
1294
178
3483
10298
10475
5804
4
32396
572
869
2359
1938
941
38
30
549
626
52
5195
16
230
10085
5817
14627
7059
181
780
1659
1145
358
1773
283
184
1010
134
11
2905
6487
5186
134897
9697
6566
138607
788
2593
572
82
1
2280
1093
48
1438
677
1063
1955
914
121278
42745
7131
1886
752
484
934
645
495
17
45
768
3
15
12380
25155
93455
22418
6267
325
11
155
543
240
1940
85
27
404
121
147
39
1
147
289
5571
2422
232
4795
8777
3413
6712
50
314
1581
255
10719
178
522
24
11
876
723
764
4749
3397
14063
4511
1310
1376
415
146
773
104
2033
13
272
26
158
938
8
221
525
11700
7734
4033
1384
33
334
159
545
100
581
18
282
97
1
84
119
34
170
246
108
2291
11567
22186
8262
2916
136
3353
1068
256
111
50
13
77
11
40
9
283
97
243
3940
6472
5343
1749
5855
154
70
171
52
100
1410
72
87
3
320
67
423
410
9
543
260
1533
14232
183865
17803
41533
109234
43294
9161
981
41985
250215
698071
4138
6706
275
622
1328
94
391
57
1707
321
163
396
1
243
433
14
4212
2892
56
3687
3194
32162
1144
468
28122
737
4497
467
11
1166
106
4
13
2661
3143
1439
14774
5805
471
52
185
104
52
676
979
2
217
12
1505
256
9738
3444
26857
3565
25449
13831
1871
1459
256
34
2411
12
94
1973
1131
825
57
16561
75539
3939
3401
2
65
41
587
652
48
1334
32
651
38
72
312
89
133
4
597
312
2174
9611
24094
6857
4002
12628
2060
208
76
740
123
68
482
10
4
4719
543
1337
416
307
3688
31412
11495
1345
529
31
10
161
698
44
1069
10
116
17
14
94
31
4
136
33
18
3282
6543
25680
6732
637
216
1
1026
11
207
15
690
437
498
77
3366
243
1193
10326
7552
1614
195
1714
2693
108
15
85
103
462
144
323
80
1708
15446
30828
24154
1323
144
133
431
21
120
175
2
198
54
13978
7026
1756
8491
558
416
35
48795
4712
80
71
559
64
251
460
552
33
73489
52262
8177
258
3906
7883
12
1216
321
219
644
1641
80
176
123
1188
1525
3
805
65
13289
34505
120850
690
7999
331
404
17
49
1
250
19525
7
389
93
1780
203
388
341
211
244
13856
7174
876
88
148
1222
141
285
28
1227
250
22
6602
35
38
321
34
75
560
557
18
355
518
123
1756
93768
116221
6907
2763
312
8791
482
69
5
53
6536
29
4
401
26349
564
1185
209736
170843
6736
1243
200
1
820
1035
424
22
21
1337
6
8
39
9
126
198
1407
1496
2994
719
950
246
336
14
111
327
18
55
3
43
46
2696
34055
42613
2294
550
331
200
52
1526
24
175
15946
21098
3868
1059
5
2898
71
103
380
14
76
4
1
3
103
170
51
18
5354
7743
3283
728
428
34
574
127
30
71
764
19
9
1
24
8
4598
10241
7247
1450
1658
46
532
171
593
236
238
1582
192
202
329
57
400
743
409
2019
4141
835
18
424
21
13
481
2
107
4
78
41
35
9231
1823
25
694
13
2754
565
118
238
65
1703
99
109
192
64
71
181
529
298
57
26
2609
21462
5081
1324
813
487
126
2167
369
35
37
14
34
44
29
124
123
237
13
545
8635
4280
820
272
1995
10228
281
78
110
26
67
27
6
8758
20915
4162
1051
37
553
223
165
45
20
68
82
1
86
48
43
275
4380
10943
253
40
69
69
242
10830
2143
7741
49
1690
3471
182
253
110
655
123
5545
249
826
2369
687
508
292
51
3274
4580
44005
2596
569
168
362
117
19
1642
9
1023
343
2417
2263
737
767
54
47
5
207
43
120
26
26
41
30
100
72
13
184
2259
2772
406
1042
64
2621
1717
260
34
152
140
115
1259
196
72
198
1012
169
3774
6978
4693
894
2442
79
584
140
73
140
13
36
62
29
2
1024
1
201
1
1555
3645
2634
7399
679
35
3592
169
10
1320
584
83
181
6
6
238
73
3199
692
1507
14
55
83
25
25
54
1
57
4
7
22
2
16
43
71
19677
25554
18516
477
5672
882
27
580
183
119
78
392
37
27
48
3001
8
1033
491
1201
445
3
195
2739
601
125
3377
463
535
251
182
12
1017
40
6
330
14
87
2
109
149
770
5875
13219
5696
1054
298
128
63
5
100
5485
487
17757
3007
3310
1291
11
1416
86
5
264
103
69
74
2286
721
339
42
21
4744
11021
1216
2391
225
129
1452
20
81
1449
72
1
174
94
567
513
326
126
8
3797
45012
68674
11476
1018
18
424
632
274
20
45
261
96
418
208
64
60
1180
175
34
6
387
85
967
8218
26066
27885
4281
2358
14111
28975
8373
399
481
1860
91
58
60
595
9
14
758
5165
60562
19000
4812
17681
7752
563
288
1638
571
371
35
199
96
109
4
1
237
757
1834
33057
24131
5415
266
30
22
742
235
811
1608
1975
189
1935
207
2087
6078
2101
125
319
493
19
54
336
101
102
301
323
3588
5639
3764
4681
175
532
205
2505
5
692
68186
64370
45032
5658
786
16420
960
1342
698
28218
91
5402
7254
230
118
1507
2263
543
6777
149022
272321
16923
2771
20108
1892
5817
29
74
202
54
308
1849
67
58
4
398
596
3788
83
501
145
1844
15922
70836
3986
1030
23
703
59
38
88
2376
21
63
2
226
110
54
216
280
830
10067
1247
3191
300
1585
50
16
1062
302
6
324
53
615
5
738
217
325
1967
34432
24612
128929
17862
1511
6905
12214
190
1109
806
643
24684
32
218
25641
2276
2178
1186
13971
140011
380366
23804
2315
1311
4613
19071
415
138
309
309
3096
280
585
1407
477
9
866
343
568
5316
33141
28233
4957
526
23154
11670
370
228
17001
770
443
1403
693
2552
31
8
247
429
699681
631
3
758
324
81
28719
37973
860885
7751
1855
4164
131
15211
742
73
143
3
10
91
100
621
271
874
233
105
7
2958
29760
7884
3030
1308
1856
186
255
590
186
537
199
4766
509
5
405
133
2157
20533
3240
677
930
14
335
46
634
43
3
94
26
24
224
33
1885
8208
16273
6434
1845
11771
1112
384
135
7
1685
353
311
635
1462
1853
1314
62957
7822
2700
377
2949
850
3575
1551
105
2
110
819
7
131
4336
14563
873
227
212
779
14
327
31
970
84
19
106
1
130
6276
127
269
3
449
5294
30754
5433
806
39
774
31
381
189
195
679
46
106
25
3
249
3
96
276
124
717
1843
26442
38457
6227
1029
100
335
52
181
83
921
10
532
141
80
78
276
17
29
77
508
18
3
1162
11859
19508
101
1596
32
1
1
21
1
67
64
19
830
17421
18042
1124
88
3296
773
148
732
122
28
9
33
1660
7
482
181
48
79
1513
2
190
1376
15994
6408
1972
962
439
1689
141
9
24
9
6
107
299
59
149
59
499
4643
670
796
46
1086
10281
732
7
2500
5469
23206
4898
1220
13389
2398
1265
1259
398
12
573
853
237
420
3
246
363
245
3107
163024
217115
12239
1749
85
7846
143
59
2049
155
95
579
95
754
283
24
81
1880
126
276
188
2932
7009
5164
2679
227
2451
5487
8433
585
1533
259
41
161
388
391
53
76
10
37
12
525
446
652
26373
9227
1569
53
392
2918
702
1402
266
1090
230
155
10
1013
215
138
20828
265
400
377
81
100
4748
20493
4923
722
543
14
239
18
65
317
5004
11845
16319
1212
3871
11
9
3
268
132
30
13
331
3405
25603
2054
652
2559
23
7
91
43
4136
5
46
37
431
980
229
2
8365
6412
4877
2
8311
3476
2090
12
309
84
22
4
428
290
726
422
214
9670
19042
14567
728
82
3611
696
93
196
17
283
4
617
10
188
104
10
320
347
1074
19284
2588
3100
16
539
4
211
58
5
31
1979
3296
27817
6306
25097
9674
210
178
44
243
431
37
159
61
904
287
154
1148
42883
15216
1930
8577
23895
1206
348
163
6
200
179
4307
2253
1429
559
644
2611
14314
10990
2102
7474
146
134
241
767
354
2208
1587
278
5
207
1437
540
6639
1615
9498
46219
594191
30393
175887
174741
141878
77655
87372
1557
8413
2111
3478
39985
29984
21391
62838
5495
11514
56427
2440
16036
4492
4760
93008
2278
2272878
3726838
21115
10731
987
1431
370
694
1312
616
573
39
258
52
13
320
311
2
3
1237
1007
24380
70974
136425
15357
3216
693
156
368
58
1237
865
1045
77
3487
108
215
23944
50826
4102
1970
25
3438
8020
26
23
325
173
101
45
2089
326
246
3
241
760
309
3494
15930
65966
5221
505
33
263
81
38269
1827
155
499
74
901
2193
254
183
1044
736
568
204
1313
1364
13193
93365
133
3194
24
9002
1178
4944
9948
4027
138
4897
6682
529
11
173
2362
26991
11872
1206
5023
136
430
39
1888
6
194
88
234
271
44
259
75
52
3925
4296
3952
4875
4742
18445
599
213
429
77
111
152
551
681
435
330
2538
16054
57129
94311
11159
1181
38229
4
69647
14720
24925
24542
278718
2994
1250
76
1886
160
128
303
23
3
64
55
2
21
3
43
263
154
7
1984
3751
10874
1812
6399
8632
532
2307
2
4333
238
1196
258
307
2
930
236
2358
45617
7385
4860
12691
1561
275
206
34
51
4
46
101
485
243
2741
102
346
949
7
18876
31175
6678
2764
802
50
327
133
45
18
108
48
7
48
244
32
3335
124488
139127
59919
2200
1941
13039
939
345
3588
324
22
19859
28
615
552
4414
860
3866
380
133
64619
177639
4333
3493
1646
901
68
518
190
93
336
30
15
222
174
149
803
9
170
2060
12586
27790
6558
8505
1608
10326
1854
9561
1181
60
11
35
511
471
594
549
4
26
6
281
660
824
4
6383
16425
4878
2267
25
2491
295
12
24
28
572
3
41
270
651
1184
698
1875
5934
2621
7012
2322
276
185
33
30
3
525
16
10
250
89
2231
813
85
8
1003
5818
5287
2555
825
274
7072
831
62
251
600
265
25
615
99
39
246
259
2913
504
716
725
3521
20381
10589
4086
1
8975
688
20
360
415
6
275
87
1635
1124
52
1296
6872
1964
4331
8182
3026
366
2778
585
150
40
151
2782
7
5
310
62
8
550
51
297
299
48
1937
3914
31843
9756
2743
305
2918
4313
316
8
22
20
666
825
6221
16
43
3409
12506
42467
8168
3704
54
6180
3694
16
993
33
660
893
248
4140
173
1067
1799
7387
38581
45307
7304
715
1260
7133
9909
7398
1163
1554
688
9106
1803
171
38
510
2298
559
212
1827
808
260
821
82139
125448
9363
4957
959
2130
8270
345
40
660
349
25
85
30
439
103
848
53
108
466
4609
10811
1735
2733
3059
472
841
1577
405
1557
15
305
463
7
360
3096
224
8
345
38
40
3845
7000
5865
2346
907
4330
37
104
16
170
503
2
9
204
369
77
448
1155
7664
2502
3073
3814
377
100
42
21
588
32
48
347
6278
229
714
1596
499
983
8488
30919
4969
2634
5
4160
273
376
16
6
24
2
94
2
104
275
649
8735
12376
5675
3082
3
3390
7219
2152
397
775
24
37
395
74
90
22
416
266
1609
4081
10959
1883
575
12173
928
96086
18245
9037
2421
7790
10263
1478
74
31
31
90
231
797
40
13
4821
361
183
1702
38308
23970
724
1037
366
1239
216
39
27
20
3057
5
700
275
686
71
33
163
23
226
256
86
3999
16647
5633
2038
1283
8126
4299
287
50
3
147
47
514
2425
430
1226
138
927
35532
44
5544
44274
859
5046
8123
1355
2362
240
2743
291
3811
2371
521
2
483
1329
1958
1714
3678
9986
2160
10010
4238
280
13122
7174
12305
2307
53
1131
29
131
1981
2
199
261
132
318
693
9123
3913
2407
953
6969
40761
4568
66
343
464
120
216
634
1
3392
5
734
145
4
3326
7524
28736
8174
2985
6960
110
535
1027
632
16
158
507
452
890
3
3209
3143
488
4975
25492
88137
5790
963
877
249
11
248
144
867
118
58
2904
62
45
125
475
40
343
57
9
2830
5749
21964
26712
10600
34544
20238
1212
19560
4560
1996
345
17328
921
1332
10399
12333
162080
14568
9200
85
37
1075
71
69
64
12587
64
616
420
528
4288
1428
253
4517
30288
24084
4657
39849
1330
2541
37676
273
624
6
451
2216
20
1548
1
1334
5787
3689
1301
695357
616973
36526
8563
21912
32167
2667
11826
20364
52
950
897
4
805
1679
934
175
162092
296908
31967
8208
56
1769
2059
1837
1737
117
687
296
2172
469
1332
42464
144532
239702
8426
2708
269
249
426
40
11345
21
88
90
446
10746
6744
3237
27342
44584
7671
8337
802
14585
307
267
261
54
10053
12526
55964
8692
57
6965
1003
36322
2033
261
5823
415
700
6
42005
1009
18403
3271
1345
185
1457
28
86
1
357
2985
1464
761
1122
14586
16627
6346
28
152
12456
2464
537
65
990
1195
15
226
1113
418
2064
11
322
457
6438
15560
7799
2457
15
952
1497
15
135
414
1525
24
404
198
966
275
823
2456
322
1256
26
6083
16910
44552
751
77
2064
817
2552
78
2
595
1
171
652
94
2232
1009
13865
4468
8100
1554
1519
670
152
90
183
2184
184
493
14
2997
3366
29263
13075
1752
2168
616
15
41
1
263
366
210
223
11217
29928
9837
3002
11054
2048
284
11301
21
341
95
102
809
311
107
2557
23838
65707
16437
7565
10741
2020
20909
566
83
48
442
88
674
80
5
1398
2777
410018
473851
21346
2212
9832
464
203
97
3016
51
1107
718
184
5
160
112
93
160
79
4498
99458
143795
14253
598
887
106
561
39
769
229
2036
117
12
49
1248
1841
393
291
12
18100
41541
15940
1
943
422
884
114
19
2296
1154
228
3
313
215
3361
134
2605
232
46
11921
3256
1713
206
503
1678
4
146
104
563
256
8
641
25074
46073
489918
38996
9625
55735
68139
139660
119095
96790
310660
3379
9619
4548
35055
5610
38641
5399
26538
12405
33009
8747
3699
9588
3852
1908
776349
2222901
752075
30549
103568
199971
5182
24684
48241
83522
1790
97
6085
6200
2304
7942
8
27540
83196
1045
19
6762
4185
8607
72343
1158
16640
15088
23088
61
423371
142732
2097310
400515
33312
46706
94046
80479
40181
1585
1190
19947
36
1860
10639
7639
93
40603
13001
3230
75
405439
1035992
2154377
60748
11565
53187
151199
1985
4
838
5583
155
768
4391
18679
2068
135
111252
25485
1752
2470
727
115533
414893
8958
3150
5733
1791
6482
125
347
48
12
27
286
280
333
51
685
40
20721
40129
89198
16511
2976
8400
5
4532
10895
1428
115
327
448
327
1
160
288
23
592
35
64
50
6025
9338
62540
33030
3372
40
8264
14871
749
148
892
86
3
443
172
137
1563
168
269
986
389
33
4229
9755
25689
8533
5589
1386
298
618
9
117
788
37
2801
2
8551
31
260
332
764
5
10597
75923
142330
53388
19817
18586
3296
856
10700
3588
349
78
189
1254
2291
11
124
10
1454
184
75
64
1788
2164
18751
91414
223522
53356
10860
5004
115585
4819
2825
139
650
1865
1973
2857
148
576
5
6671
4310
3265
15661
115628
11279
4139
16449
6934
2884
12
120
2686
1619
11967
19
1573
350
960
45357
34809
9398
12367
12891
67
704
3730
182
1359
3195
47
7575
3749
161
205
9440
85108
105077
11654
28189
3548
161286
26402
365500
2736
1671
755
3448
4137
27511
29
231
1597
772
249
1874
4362
5693
764
733
40952
318596
17642
3365
10682
1310
1717
36
29
10
258
688
2
138
79
330
3
3322
4139
20068
7197
47
9073
7757
368
2421
254
124
1143
70
702
179
423
277
345
14554
20352
85354
16589
2373
4569
49
2837
562
380
2614
269
1343
214
485
1291
1
7
1119
68
743
218
8
2575
64170
102484
19131
7379
3723
142
696
111
797
165
6
537
405
1352
701
24
4097
31000
61475
5075
3508
3448
1138
251
13
90
369
537
201
5965
3174
1083
1892
4
2213
531
317
1113
383
21
1686
120
220
33
1326
653
1
5692
6927
24215
25136
14608
499
1341
1810
42
167
239
3008
329
1034
25734
29136
4734
8209
4930
426
185
129
9286
3441
175
1054
890
4087
34
616
598
358
9169
654
6419
29
1025
413
3355
60711
150063
24696
3006
2350
3849
917
469
320
28
1356
26
44
354
4050
40642
76516
16237
3998
5918
6037
1059
280
620
376
176
798
212
303
472
868
163
379
14
3592
40509
16041
3574
137
549
1
3388
361
753
39
290
127
691
78
40
4409
2373
32366
11896
1614
7719
5854
6608
2
455
445
33
3910
124
797
967
14
7261
27938
8712
1202
2028
285
94
807
56
66
45
333
113
254
34
912
17588
28355
5456
2062
101093
13846
16563
21206
8
250
4757
3426
67
1684
84
2204
310
8796
6414
35456
150796
12871
3101
34
765
2561
4080
2627
1116
1121
34
287
1890
583
143
7
2
2441
909
23
523
826
1760
4316
12744
33017
5599
135
3134
4753
4418
64
406
304
2367
5
2614
5400
193
6663
241
56
285
2001
4957
1137
2725
8900
57128
142707
16509
8899
135996
8276
1256
156
4691
308
41
1121
44
1300
1505
643
4118
25352
5876
845
13915
11255
4496
3623
382
492
49
536
353
112482
153717
12688
4123
2469
1561
168
1420
94
63
991
1145
413
437
217
2469
575
439
248
19334
20844
69698
30825
3560
1839
3105
606
1234
89
100
15
2
159
1317
1903
359
4510
44684
94307
7226
5244
4672
8912
53
549
158
478
2263
2321
25
180
451
3969
155
15
841
14110
50810
925
277
3779
1181
433
909
179
100
26
67
88
3618
844
22
4696
173136
64948
27170
187120
6672
3360
127446
98368
688220
13803
5547
6943
19
339
780
134
1361
125
243
1327
815
1737
615
2908
943
512
2533
13183
53863
8196
7458
7094
4730
900
375
73959
33268
135980
17296
4912
11
146
823
2104
212
1918
388
60
163
170
295
488
167
4492
825
474
425
16916
52172
104457
15453
4010
10173
6076
3943
147
39
2552
265
6158
804
6
870
67661
5918
1840
28049
39919
12507
308
1571
38565
25225
4097
6995
9217
41
45
30
11
375
173
450
1599
111
370
37887
84175
166435
16554
5885
3238
1655
787
304
662
39
680
336
130
316
182
229
141
909
1734
88438
122219
9570
2961
99
1426
1058
818
155
211
72
6
156
1232
3
78
2047
75
1197
353
9148
29056
36927
6146
214
1341
1712
1581
2503
289
15
393
10
1787
630
2359
2099
127
379
324
16
237
614
38719
2526
2619
1816
136
62
2295
26
12863
61
300
126
192
273
6945
10001
40220
11715
20846
425
1113
35
29
1
3
5895
5207
494
475
9502
458093
504394
6166
2505
3
3236
4844
3379
3253
3268
3599
2138
757
559
535
34
961
53
21827
14526
17407
577
942
487
8195
2294
880
16552
162
2220
1
2573
28
814
15699
916
2640
534
48186
20214
393
4434
2059
870
1383
375
278
9
563
19
422
44
211
137
303
462
126
12029
44331
41148
1563
126
13
4706
4324
6173
239
855
25438
61858
92431
55428
52
2509
9567
191
77
5
4362
991
1
1248
139
43042
62163
17851
562
3014
2047
47
426
128
284
3
1810
25
608
1
66
352
65
8406
2413
38108
14526
2190
3922
1837
379
7
946
37
161
837
955
4369
47806
77972
47342
11270
16037
109
17201
60
1925
16032
885
462
672
3705
103416
253991
453683
12722
866
27
583
218
1
386
22177
470
3
218
12569
2088
714
8828
1734
47319
25853
2950
10670
5820
471
104
1743
25
2680
28
340
1033
6
519
8098
11541
14977
6124
5948
132
56
196
5
20
55
484
3
68
14610
2681
