2407603
1627026
739964
982075
1112315
524632
427807
6190001
6062001
6206001
15000
1098000
1447430
656000
1076000
560000
615000
387037
1477037
133670
80000
40000
100000
100000
155000
189650
287961
249200
155500
18000
27500
1500000
1340619.75
3391993.75
2264608
1375000.02
900000
950000.01
120000
50000
25000
25000
25000
25000
25000
45000
65000
20000
50000
260000
250000
190000
15000
35000
14501014
14331125
11829434.8
13497859.43
12056991.69
11968399.67
10253861.3
70000
25000
25000
25000
25000
1135316.6
25000
14245
753500
1246294
840000
300000
2830950
3594700
2924970
2814000
2187650
1723700
1649500
22661000
19016000
12946000
14116000.12
13267500
15670499.88
12490000
18156280
9630528
6075000
7448442
8510570
9351600
6612120
26508000
32135000
38898000
37416000
30560196
22379000
21933700
1727500
4466250
7347000
7014236
5935134
3270402
1962911
1316000
665600
72317.2
108400
123600
215000
162000
504000
210000
190000
214000
220000
220000
28000
56000
96000
56000
15317299.56
10566000
5952682.8
7701600
7096600
7201500
7574000
1800000
3112000
1000000
2943000
2894000
2531087
2324640
500000
800000
30000
5570000
7535000
2180000
435000
11170000
1450000
990000
2150000
3050000
800000
4000000
2525000
100000
50000
700002
25000
554000
444000
158000
62000
94000
39000
8372775
6700159
7825478.56
7793457
7462399.2
5817993
5247375
5081195.46
3559000
4677980
925000
50000
199000
105323
140346
170000
40674
216433
100000
116500
56232
91232
94000
17500
140000
116000
9476000
8685552
2384390
6625000
5500000
6930000
4473000
5742270
4675690
1038927
3900000
3600000
3960000
3220000
5580000.01
6229000
1460000
755518.9
150000
1280000
1300000
650195
1200000
457080
350000
15000
630000
550000
3314000
1885000
2400000
4800000
4470000
5500000
6100000
100000
600000
1440000
2500000
2235000
2750000
3050000
11350000
18280000
33350667
53590000
52500000
57500000
40545000
5362040
9934115
20345039
42160000
36450000
42700000
33450000
21502874.44
21086582.01
20303080
12833000
12000000
15050000
12707000
9375451
8765752
8781722
8693000
7695000
7350000
6700000
13800814.6
13234688
9591186.69
10050000
11350000
14400000
16160000
2600000
3579400.01
924767
680999.99
625000
1000000
2600000
50000
50000
50000
50000
50000
50000
50000
165000
270000
225000
120000
50000
50000
53000
20000
20000
50000
277507.83
51121.27
61550.73
77000
50000
48500
47500
1637
1637
1637
65000
90000
40000
113000
151000
97000
70000
33100
18530
5813
45500
45000
19000
16633
20000
10000
10000
10000
34000
94000
99680584.44
120934416
857557580
711877650
60011429.2
63251220
69329104
140903184
146424000
922000000
737323140
116759584
103759568
147160832
200000
21983648
28835728
21421984
21983648
28835728
21421984
1481093.2
2863000
2754000
2603000
3070000
2931000
2533014
2346500
5196985
2753196
2819860
17096296
13802155
18142620
20048477
18050074
19336786
24136760
34717351
21578318
18862525.2
21755795
630
700
26678.58
17642483
36787950.47
21393757
20176757
20233082
24204082
33430000
9471286.98
8668821.14
7997546.22
8177220.65
7625905.59
6215749.86
4659447.72
1844096.9
1537710
729250
1071425
672012.5
622815
2044930
6767552.17
4263240.3
5820380.46
4603790.37
5321690.13
3712385
4811675.81
760000
660000
550000
801267
450000
820200
832000
586166
524793.92
430000
430000
430000
690800
152500
110334
54195.08
400000
250000
339000
305600
240000
140000
600000
700000
700000
40000
5800
640000
615000
2500000
4225000
660000
673134.29
329861
3652501
2402001
8835872
22185650
4042000
7110438
2413200
660000
950000
936000
1583600
1206214
2025000
1862500
100000
832100
1262545
2439907.5
1051000
1500000
1318000
1202700
1555000
1420000
1033131.67
2679000
3556000
2236000
1666000
100000
1082000
1800000
1336000
1935000
1371171
1753316
3677100
275643
1824357
570000
30000
12000
13500
227668.77
202049
43896
160000
160000
160000
100000
50000
70000
80000
5056247.6
7753593.17
8015797.7
3864217.87
4403243.4
2517664.65
1648882.4
20000
150000
230000
58000
125000
120000
70000
120000
145000
3200
2578
2960
10000
30000
30000
30000
20000
3980588.03
1794175.8
1817998.6
2154788.47
775242.24
407783.7
355507.1
1330645.9
686021
10000
120447.75
554924
705205
90300
120988
1272873
180000
200000
16000
168280
20000
82916.8
293316.8
369000
207000
50000
218241.88
90500
30500
15000
478385
336464.21
89439.07
73156.16
100000
25700
1530000
3152000
3615000
4268000
4670000
6502000
7622000
18000
941400
1200000
1200000
1266000
1676650
1200000
31468902
12482527.75
12249657.49
19249999.94
47846976.52
41015491.9
131549272.02
250000
147000
5792041
2500000
4287278
25975749.7
25490217.96
22978728.1
21062915.3
15000000.02
17999999.65
17000000.18
8320699
8429788
8197114.06
8172288
8225888
8057561
8029788
1102500
2090912.97
1255620.03
1000000
1000000
1122212.16
1120446.09
25000
290000
597429
5116233
175285
1419085
2532729
65000
15000
11000
45735
82870
100000
369000
35000
3652648.5
3288497
2878030.5
2732472.5
842875
173500
283000
358840
343840
197030.95
144023
343840
343840
197030.95
144023
340000
410000
938000
222000
620000
472500
52500
189750
250000
190000
599060
144590
166852
163122
189750
150000
150000
599060
144590
166852
163122
21650
150000
150000
599060
144590
166852
163122
2039773
1305881.2
1446165.49
1533800.65
1204726.3
795593.1
304780.23
160000
180000
220000
220000
200000
200000
200000
39000
29000
31500
31500
21000
21000
21000
189000
100000
100000
100000
314049.33
339301.02
249574
424128
316194.68
222942.65
239078.7
12000
5000
15000
25000
43000
43000
16000
16000
16000
