454561.16
865.04
26708.39
1265.23
7766.42
15286.97
5247.06
3728.98
1487.56
19840.46
9328.14
5279.26
7777.40
6990.80
14055.09
15418.39
14646.68
37704.22
1642.75
1316.80
1011.29
1843.17
9936.77
18597.74
16737.50
1580.55
25923.43
1912.17
48019.17
4180.15
429838.50
871.19
21391.68
1161.03
8379.58
12202.35
4349.76
3629.67
1350.92
16934.16
7755.35
4376.78
6445.24
6605.36
12762.34
13935.53
12013.79
32070.95
1181.29
1100.99
947.67
1583.98
9285.15
15525.29
15647.04
1566.63
20296.53
1855.52
40641.30
3694.34
359332.61
680.51
18730.16
774.24
5365.82
10529.52
3598.75
3434.56
1061.88
13385.32
6024.47
3917.71
5272.40
4923.98
12275.57
12667.35
10162.33
26584.71
1094.61
937.52
803.75
1348.84
6961.87
14032.14
12949.88
1359.21
18577.70
1336.94
29769.34
3103.97
299907.35
537.63
18170.24
620.06
4924.42
9251.97
3039.61
3249.25
837.18
13654.47
5229.69
3429.38
5623.58
4607.48
10871.78
12184.09
9354.34
23846.41
931.94
778.25
645.65
1193.45
7227.20
12891.90
10922.27
1589.78
16128.77
1312.65
26550.75
2655.02
272112.52
463.47
15313.97
559.60
4302.36
8643.02
2639.09
2810.38
785.52
12120.52
4845.05
3299.85
4653.53
3809.99
10419.42
9723.17
8602.11
25106.28
873.35
703.08
616.90
1020.32
7502.77
10338.64
10348.77
1248.12
14994.86
1155.20
24299.32
2377.39
239895.41
381.06
13492.04
488.73
4201.61
8522.77
2186.91
2223.82
742.95
11288.09
4579.66
2818.08
3681.48
3577.43
10035.82
8755.65
7593.11
21696.50
722.88
625.33
541.65
939.91
6825.66
10516.25
8820.32
1163.43
12890.90
1072.87
20919.68
2026.96
222831.82
342.24
12940.83
489.02
3688.90
7803.48
2493.99
2074.38
632.82
10024.33
4898.11
2722.57
3286.69
2943.07
9900.24
7985.81
7468.35
22271.16
704.27
587.05
514.65
857.95
6480.49
9850.03
8652.22
1140.64
12058.27
927.89
22761.43
1900.78
216483.86
294.39
11930.86
438.19
3529.12
7175.46
2154.36
1805.53
581.66
9250.17
4367.72
2483.30
3373.71
2608.54
9039.12
7397.93
6573.58
19820.08
626.10
526.03
462.54
874.91
5158.67
9350.90
8443.63
689.06
10589.10
876.08
19540.52
1460.42
203740.77
249.36
10807.71
364.56
3112.20
6574.14
1838.86
1521.02
911.53
8302.49
3995.32
2130.67
3153.59
2752.53
7112.11
6678.03
5444.68
17946.81
650.59
483.84
405.63
798.67
4805.26
9072.34
7645.49
1405.75
9894.91
826.73
15582.69
1186.75
188258.42
223.03
9286.34
337.33
2925.52
6322.90
1746.23
1260.52
1080.39
7165.08
3486.19
1941.79
2985.19
1839.57
6215.31
5611.24
5049.49
17730.53
562.35
428.71
392.37
723.88
4933.31
7567.23
7176.72
1254.02
8920.97
717.40
16178.44
1061.69
175227.51
208.53
8534.92
332.04
2547.85
6983.70
477.02
1049.01
778.41
6145.16
3117.33
1613.65
2448.10
484.51
5633.62
5456.42
5322.65
14702.13
514.82
401.34
334.84
623.33
4030.93
6530.81
6577.80
406.01
8353.71
646.44
15155.24
234.23
163262.40
196.02
6754.12
270.79
2461.90
6504.65
821.30
605.71
5753.07
2902.92
1447.63
2413.85
5332.95
4977.05
5244.45
12538.73
558.10
337.44
294.07
544.60
2888.11
5582.23
5682.66
1143.87
7743.12
540.98
13457.46
