21878100.04
29560469.85
7938938.15
9097885.58
13715156.82
59662599.56
16255677.9
21999024.15
29894261.46
14074225.15
7934234.29
23198353.99
20855507.06
13983696.26
9876827.13
10352728.59
82705206.22
9219257.07
14533975.93
11965800.69
5566905.37
5939501.63
10293578.63
4029333.61
70301880.87
27966576.45
12069497.13
15886254.48
19301662.14
10285734.92
21885440.92
11087001.96
8897503.56
17060937.37
7997050.94
6669097.45
9675079.38
48268605.48
7736762.55
14364395
13019427.29
51733847.07
3593951.52
38130923.82
10829273.82
21566410.78
7023217.29
15093204.9
9110919.72
7184009.16
7892553.53
85429758.68
28413444.6
12864655.44
9668102.24
24151502.82
9429702.41
4896568.71
13684333.97
17228957.79
10103539.64
23243103.86
8469622.6
6520771.08
21316041.29
149543257.44
4737878.91
32475365.29
16723473.71
5373842.14
13653012.31
12770648.1
10304920.44
9007587.31
14841159.42
8911263
36237005.22
14444878.81
77545589.76
11699910.94
5286482.69
16360016.39
1747263.94
26707499.17
7045643.46
5790391.48
23964117.24
15285874.07
30464024.51
17698582.44
15532333.33
13586180.06
42295242.87
32712971.28
34715934.71
31804392.82
8990421.15
8020592.95
38369846.24
9880340.79
7206176.13
5579781.45
7351757.77
4712681.24
70579811.36
27104569.93
5912031.05
7153140.57
6765144.19
63484060.17
11420979
18229702.37
36400658.8
78567062.85
9906316.34
17187722.65
24848366.11
30783074.4
9845245.45
44115335.15
3003142.63
5740521.72
26560824.09
54140383.26
597776674.52
86472173.62
102014152.17
23521121.68
14180459.08
32045301.18
9002558.8
15453370.98
8852979.72
6944243.58
50934262.52
67135281.75
15428962.68
8447249.32
25493769.73
19768871.46
5108794.13
101835239.13
14899015.05
8076071.03
12719624.55
13493524.55
5203729.47
10362531.22
9285854.28
10242294.37
26065688.72
15488692.63
12863534.76
30832012.89
15038102.51
9841329.37
8754085.93
5777080.81
17796035.74
16951581.87
17233906.58
24986261.4
7843255.65
8641799.22
15796543.26
5204672.78
6625436.23
6571848.64
23742090.83
19990777.41
10341212.84
5393404.5
14117534.8
27456217.96
63114142.53
106311161.47
9663907.79
22022329.24
36747434.87
13479450.23
19239864.13
14316354.21
28209180.77
9480295.75
29325218.92
24236800.69
40187800.46
10750621.04
45914706.39
12594707.44
4603950.83
11218919.73
33788534.21
7113981.5
10951677.29
6667951.51
7177917.25
15928500.5
17567302.64
11745914.92
36488906.97
32473297.46
6074301.92
12559649.77
26876386.71
17549023.34
17533975.73
8750019.44
51790944.57
165833767.59
16275433.03
4029324.07
6021482.62
16635107.53
43113681.26
5956384.82
11535880.62
9625510.35
7992165.56
13423389.64
10464356.12
7144585.84
11333185.45
21219584.12
17668865.5
6645594.44
16021990.5
10078277.98
11522275.51
21171584.22
3985410.06
2396829.01
51719491.22
9940195.34
4845775.85
35020511.16
23112989.33
37363845.99
10858062.86
15153091.94
9272025.91
14802741.3
4494664.74
6213136.15
6101354.45
10533302.68
19531183.63
75637901
8771812.7
16110403.76
13733472.15
40415538.39
77652513.22
8641036.49
28938346.52
22050375.44
147463011.26
7684771.11
12919856.2
8400671.98
9761575.83
7804934.47
9498819.64
23342474.48
9008205.19
23006063.58
20916714.84
12401876.41
26367167.72
53856133.6
9289544.2
23184898.86
14158818.69
13465114.38
15744865.97
31268922.38
15067806.31
5357740.92
8465838.61
7800009.69
61142315.78
9809208.51
13208753.25
5392838.38
11304470.48
46498095.39
5085225.98
7775236.11
55296774.54
9088743.38
7350082.79
13353179.56
69415464.01
10073646.4
123091075.39
7446507
7403178.87
16838946.1
30344970.13
22047257.63
7148017.89
28728045.28
7361377.63
8571720.86
12120614.66
43052795.01
17087310.88
8807295.53
