71887993
27337416.5
1891527.5
2210
104108.7
10293.1
190837.2
7175.1
7175.1
239403.5
294992.4
1049682.6
75657.10
75657.10
24381.6
24381.6
24381.6
24381.6
485759.2
160535.6
325223.6
9481045.49
253763.3
2142190.8
1166245.2
99478.8
27466.6
21617.1
97110.3
2247.4
2043.3
69.09
3445.8
42548.5
120529.1
4500
260842
3658.7
69290.7
17106.2
87595.3
168866.9
137829.4
4527.1
240151.3
1980294.3
1821309.1
497794.1
43000
244016
291256.8
20946.9
78795.3
645500
4406025.9
768118.5
29635.7
40602.6
595506.7
133329.2
320763.6
3960
3960
671610.4
261721.3
63577.5
52436
11141.5
144835.1
141896.9
122411.1
7965.5
11520.3
72733.60
72733.60
2387.3
6794.7
41552.9
406903
135.1
135.1
1616549.5
1524790
26492.9
65266.6
21361051.9
7287561.6
7287561.60
7178764.2
42270.1
6223.9
60303.4
10774714.3
10173894
9672504.4
106640.9
2127.4
254834.3
30944.5
101298.5
5544
195188.4
2432314.4
132775.1
169412.1
194394.1
34750.1
34750.1
174691.9
85829.39
33632.3
52197.1
640794.60
602250.8
14612.8
14612.8
38543.8
5795505.2
2295726.4
1988266.5
75843.8
33151.2
187940.3
397608.7
1979.8
814988.5
48200
48200
21271085.3
108326.7
7452.5
7452.5
3826101.6
14639858.9
38254.9
85.2
2935.9
50378.5
2539315.8
592426.2
447945.6
7219.8
109316.4
27944.4
157482.3
36569.5
23536.8
13032.7
1443943
897592.7
115.5
115.5
526672.1
14325.8
14325.8
19678.2
137399.2
61378.6
28887
47133.6
44168.5
44168.5
2253274.1
2253274.1
290674.5
1959914.9
2684.7
4814066
2254511.5
100558.5
2153953
1256064.1
1061064.1
195000
1303490.4
495397.2
216675.8
208513.5
104188.7
278715.2
