48984.23
147282.4
36951694.35
11899792.5
2765823.55
7700647.76
1708858.49
5632623.26
1991005.58
1814954.95
335515.17
2326190
353114.8
1203383.3
38678.25
361585.31
3218130
4960175.45
252245.99
218939.15
8343303.92
8658434.53
207828
4311219.83
8358560.45
1412757.8
692900
200000
5021482.45
528016.15
464423.95
13545
31601882.45
5035006.55
355938.06
16826.25
12041760
293520
6946668.72
240350.45
890130.75
69982.92
5833639.76
108823.47
3593005.75
13126.8
11965933.39
227905.18
247261.87
50558063.17
25609399.1
497417.49
6707180
1940773.09
61089.29
5564150.64
434445.08
50000
566408.33
988206.66
17858.7
56342.8
57000
10646972.3
98198.63
458777.23
51012.25
1924920
391110.97
19586
424501.14
34268
3538035.99
42103.58
151579.67
63314614.1
985536.54
125089.25
203582.8
4087980
2673389.01
189190.65
3060899.4
25375
321000
145114.2
0.5
90.1
278807.4
101059.2
43900
28751.5
31360.75
108432.05
1501
4459
480190.2
1610482.51
797930.4
35456863.75
317679.85
9165648.42
4064386.65
4191472.12
524672.55
1849417.18
159813.17
54395
1144548.35
944320
759206.65
12100
1405650.7
16727.2
48700
123508.2
11454.5
109586.05
11211830.39
3535548.06
27431199.27
807705.21
25964.22
816040.86
3438817
13693800
1015159.35
375760
1004987.7
406424742.8
11237895.85
25387878.82
2399055.49
782169.71
7654999.98
1944233.43
16169942.95
3310661.02
179262058
157271.39
888381507.3
294990352.1
248463693.9
343285260.3
80000000
19999959.28
14000000
148183855.9
119869459.6
81470725.33
20607790.99
11249700
1422597.67
958300
564154.74
92654664.09
8729681.98
5184320.64
4937860.56
3608188
2471916.2
2471255.18
1076007.26
1078719.61
482459
99564.67
21875
10066223.18
5149541.65
1142000
800000
3263513.47
615472
200000
18500
774875
3118567
12241213.62
8600257.12
54736653.78
1134796.15
2287035.6
6494.7
17800.85
12268420.9
652907.6
1541830.75
131115.1
9157.2
1692620
1829380.31
926571.5
254527.72
823553.87
67602.15
27621
747549.8
2087950
13900000
26085500
16546767
35359600
544093.3
637.2
2495299.6
44093.55
188263.53
252200
277160
348340
719749
495631.83
27064.8
4466291.4
17445.65
127401.65
32252.25
19945
8833808.33
111360.46
3997960
2247535.25
215888.8
26152.65
1736176.12
17502
442183.55
387253.01
353986.1
926516.74
3880.94
19139.45
29808.25
13229008.45
86199.9
5731901
2069790.08
1515660.57
49856.78
8201336.72
46925.06
14695
3377300
1016700
2414500
4827900
5768708
20913158.25
425900
26232074.63
832442.24
543656
700601.19
600000
10991117.7
32475.75
5242279
1227613.53
16133484.1
515000
4456265
118950
2292101.07
29486646.57
898502.2
29516454.82
279903.06
36066732.62
1580000
188418.85
36341405.74
92123107.4
1990800.85
8534290
1366936
1732059.65
294745.61
2318064.64
9957087.02
767218.83
18142449.22
82754.66
68967688.59
651072.04
16617259.1
21027492.8
3566228.42
20659879.89
530690
1654608.6
6769410
9194700.8
18515656.93
58756.45
5387686.72
289763.35
59000000
443050
11501383.63
2242524190
188989207.6
1169630
665995
1169630
577604.09
268434.53
666000
85298488.7
3617189.65
834348.48
15034303.28
4863877
665108.15
7350720
32996391.16
2193982.7
6554441.53
19628.95
209930
5171230.25
371047.6
4132.1
5640813.2
31301010.39
1300000
77520
33969571.6
4073721
11810856.5
382862.89
54919.95
2809066.48
1687847.84
822466.45
2847500
204800
4542734.68
1996807.6
760048.46
1898424.24
118736.27
125760
7988000000
3576000000
718065187
71521333.35
1137494.8
28895185.4
715386190
9036498
882376
172000000
700000
7200005.05
713539.91
70329.89
31243702.05
274962.89
980130.16
11901635.45
2934865
6462564.81
2503378.88
5329298.07
822729.32
205698
11092.25
582977.15
515386.01
1515000
3987500
3000000
347081.35
1210074.3
4359841.63
18324658.77
440764.62
3566848.6
29117.05
35537
18657803.8
189720.65
2158180
2596980.64
531645.05
699991.99
3234.96
18687900
7538020
278613.75
3800355.79
310832.3
7407201.15
17960673.03
800934.39
6360388.43
165259.84
38892497.33
376714.85
4428400
5091618.2
1234430.3
6599034.8
694340.13
87124
73126214
613951
1101555.85
273400
3075762.14
1366400
45000000
2281692.21
45000000
156565
18622308.75
3619726.55
957550
137475355.7
1001157.47
666379.1
3268521.11
12716692.8
33703875.03
421282.95
8113099.07
15804846.13
14062066
2447583.19
5404435.11
13694095.44
1986431.95
1946629.04
648309.89
587157.55
29864.95
3042.8
28116
5211933.99
18510.22
343083.16
99328.69
2067384.7
15971.72
285326966
6418661.28
113813.66
1705483.75
169910.2
14787
5711779.65
183121.6
47722.95
204317.8
624360
446943.71
993014.12
5062.63
329355230
340049.35
24318846.02
13850926.34
26608
568810.29
2075000
152980348.4
1285612.87
77234795.2
15506676.7
22920336.29
1331912.73
19410549.4
19097912.03
114143
8644040.7
767147331.3
1762249.17
38633502.21
9457108.18
7237813.92
84023092.87
12616992.02
5373978.4
89098382.15
148016.75
89812522.22
12847086
167973.55
8728.59
1516668.61
366336
39237530.3
231930.89
5332236.15
3934046.45
8225648.08
5407225.1
4703307.51
74373.21
5845000
2997408.07
43065.53
50216.9
237220
44621619.9
15653793.81
8400000
21741537.76
9860
107915913.9
1279670
745790
13178683.34
2250000
79866130.34
9235000
755299.22
16386037.91
122101886.6
44056200
680000
2381630.29
3176222.29
32685538.23
27334624.56
7607488.25
5316.83
271509494.3
8000000
3213626
2745233.4
1310738303
32787067.83
15652.1
3866152.2
9671218.58
145202323.9
254415242.9
541374543.8
63472291.54
196425189.8
51001309.76
82955419.42
1110276368
91959691.66
9434007.6
3452905.38
91632592.67
388252682.5
308268778.9
102799959.2
30285808.29
2000000
1394540.31
2591557.15
8962819.37
30298897.35
99979798.62
800000
5852237.29
87969.79
33204.4
39343
69127034.55
1474681.59
8516300
14232279.3
2501000.6
15779018.21
319840.54
3877894.87
737494.2
32479598.03
2707891.01
1188794598
18712656.25
714982875.5
305814624
26823325.59
18044
74233149
12967327.75
2594986.19
1330593.05
990769.26
22222066.7
186846.85
1556960
3788302
1481364.28
1202406.56
30756
351656.05
236411885
4233940.65
780668000
310590302.2
920432000
33300.51
2821108.88
59042972.78
44145
54075861.12
142077199
68237753.85
32727316.85
504907.58
84791.2
2786080
18284440.11
905016.31
2101354.02
39000000
239291577
2220010100
362933013.5
362933013.5
79653850.05
2091022326
4492726.9
5036074.49
139584857.7
141912995.7
140054.05
5833345.44
89207125
16539492.51
2935000
66755328.41
8306716.77
224.55
15739.64
15513357.17
123680.78
788300
682644.75
22653.6
1600441.93
90177
14000000
139201.6
17975083871
5656528327
23354745.46
2147592011
22613544038
2537204.04
173582347.5
446210.13
114938047.3
11982137.41
111069
155263751.8
791852.47
201989445
12362000
27793781.78
659950.14
11213463.97
4872457.58
6611800
3081320151
543889722
34716469.49
2323331752
1966319
1119365016
62750
18988649.3
78204.35
2257050408
113036836
2971316708
1982947181
17268720.5
353815795.9
364487189.9
1493287603
1068410877
117602979.3
757779907.5
26018150.9
2155567.18
240045030.2
277475.77
752701.2
3594923.28
216528
11279281.08
6806225.6
15546733.96
223022
133759.7
570241786
22621655.25
3632047.35
32885087.46
8304660
4551447.4
68106863.85
55329559.61
1287520.58
83515185.95
28779093.81
484987542.1
70000000
3976437.14
17265049.91
18177907.34
1203742.95
11729.96
11612932.45
102916.92
605306.65
6153644.38
54045.72
1089248.02
80124
3496055.04
26014399.18
412554633.8
421884538.8
24844517.65
1957574.99
28898.99
18396072.35
371061.72
1049340
711183.12
1423947.91
947754.98
756
128507
9072.75
5685950.4
71367.15
22128865.95
25891915.38
89187.45
171108.9
25827262.83
3082733.4
9926262
248199.75
1983063.6
32033
3703600.26
9304337.44
36531041.3
43280833.79
7683229.72
681609382.9
288248141
140000
7970000
9068080
23525097.52
23886410
79953628.9
987979.66
17871149.08
99875530.7
95857673.64
20126447.65
21347914.56
17229925.82
3172254.69
14102226.3
199824477.4
176221371.3
7043
70000
3485000
43024584
529187.67
765193.73
249175989.6
30085365.3
183203999.5
4746
2964.25
9239176.32
39922
13290792.55
3099531.45
864596
100792.7
17762.65
12395.1
1555540
11691380.23
177851.65
50734.95
610849.47
17854.1
43718.84
1000000
34145000
2400000
2194996000
277700000
3840278.51
2229982.7
3777224.54
3708625.9
15382420.31
153121.26
496066
3563172.31
61596006.5
1025973.3
609261.87
294895.75
2989576
20800000
3109178.76
8303079.9
7527134.09
3482901.67
5399556.4
1085664.5
559400.3
3985291
458957000
4373808.75
3867122.15
12163073.6
52829700
132300
4999009.22
260492.5
6512852.4
252468
21137500
1850000
199349.47
1384048.75
242944003.3
7474411.55
2871288
8721405.75
108926.25
2983153.85
13622100
56659104.23
90949294.27
5137400
1770989.65
2937511.4
239217470.4
2901336.91
3135558.68
161423
10085165.12
138319.89
54411.72
38715856.08
423254.11
8870770.4
2533006.7
6452999.95
2990000
10346851.97
6120291.84
2656671.35
4273458.15
18558
7358689.82
11990650.05
7916030.61
2055251.48
48725587.85
36973275.8
59736044.35
292996624.4
5423215.51
63597490.88
31400
2816366034
135095079.4
2314745.7
45132195.37
806023.02
89156861
22021019.47
193925755.6
4510000
95660.4
21106.8
5798661.95
19202.38
497340
496661.36
387915.18
823624.99
4475.61
36499
4304252.83
19068872.98
32516464.65
35105817.95
81244885.7
6754026.85
43433.25
705440
823141.59
970711.1
1906912.48
5316
58112221
250484
22151724.87
255971.85
29550000
1131147.85
2131962.26
106492
9847103
782874.5
140327.3
748460
798134.04
6102.5
521981.78
47053.7
24097777.68
29792291.85
3472743.7
3201117.2
7467804.69
8485170.08
44837.95
3045855.32
7436282.55
37499.61
336215
37015835.2
4197947.72
1401400.6
307902.14
1580075
800000
505500
78312
2862040
1113550
130400
3899820.69
61456.29
5122611.5
86836.85
494051.34
2597429.26
2324480.11
212797.44
11167.27
762917100
58957771.5
640774982.6
48000000
486399919.3
25488400
2288710.29
2224327
1082800
900000
26240612.35
9299635.91
2741098.75
1023363311
78920783.3
8495609
6096330.15
85060018.74
161084799.3
40081700
8568750
4487337.52
5189830
3949935
55381.25
15359244.51
11596914.85
169168055
499125.85
64500000
77000000
750854.99
1857.4
3661515.35
93446.5
210000
1939127.77
34223.6
222683.08
1625
152421196.4
1504990.43
26200039.5
26108972.4
783365.05
5371.9
924.95
12906.2
166966
14381239.7
141430.5
1263560
1160768.4
376096.37
1657658.34
718.05
1859196.87
7842625.19
2488275.6
75849.73
60040444.25
492877
50771274.42
479041.87
2944453.35
3550053.03
4962990.47
2544234.06
7817
309251
278927000
163436559
2400000
901045600
47612.1
181484000
29975000
5470818
3269118685
62532
1333000000
9851759.05
1500000
17749400
1409898846
506516000
5588500
12199557.04
4400000
8904
1232310.25
74943565.6
2181985.96
6401849.14
24583684.32
1412530
1074297
44200000
106978.74
3911523.15
12450577.89
25489.05
13321.69
33160605.2
368215.47
19053463.7
30618738.91
5034231.15
1993960
2877373.5
7560657.32
3652883.8
33336.9
171467
5637395.7
12980563.73
1994500
3911523.15
212312.03
53616451.6
106227.75
11713.4
39472100
14303131.2
24596338.22
57635744.76
1509306.2
1308036.5
200000
1983258314
365480159.8
7458778.77
24273059.99
2307518.5
88444192.79
492482082.8
1284316739
1029199200
25054743.91
2492362
20563821.95
821037.05
1500
57802750.78
20270406
1008800
632876.04
3946669.57
1190903.5
45000
694660
50000000
277244.3
1053720.27
41645509.85
9998296.12
997007.35
2540658.1
80812255.21
562339.12
16118730.95
9059865.06
18225967.37
5331060
12232390.72
3472856.45
12491413.45
1928097.88
69494
129971652.8
478348828.8
2638273
3846144.1
3302595.55
22407206.55
33477890.06
7401310.22
10000000
41408824.32
5162808.8
99624163.63
485995358.2
208167.45
1565115.53
3159400
4296243.25
4302431
39011156.93
53080145.7
107827679.8
27762676.65
211126800
18918734.52
25000000
18136.06
15866.75
26806
11471173.1
115105.8
805620
1239788.33
4035737.18
989232.76
158549.28
46700.5
1135.65
2606218.65
49875.98
594640
397032.37
294592.4
3234076.88
618213
5945
84936.35
3780
4553694.95
1687066
220.7
3352.75
515
364.7
147.15
424318.48
5856215.11
1298367.95
276095.53
335899.88
3446.2
43762.7
864.5
720
972
895060.29
2904051.02
720701.52
221725.75
299559.85
2270
41582
5994
5053
6036
