738143.9
35732
664877.42
48014.24
522800.92
189636.55
381767.85
912
98302.25
2802954.95
338.13
3765.2
118486.16
454761.13
911.34
246921.55
62522
80829.3
34386.9
476393.5
11145
12065
121146
189010.41
29644.33
462713.68
2767
7170
116
64212.61
13628
881464.42
3232198
649360
42706665.12
3817157.1
850787.61
20716
163726.12
32051.6
321848.27
1110
157819
11009
297204
357930.35
1581120
1462733.12
323632.12
1817366.31
1039680.74
209766.42
12536.72
797554.72
480859.66
1421183.01
140350
3784497.08
4485022.82
1674880.66
5480775.7
12665058.13
5701.22
36000
64000
57000
20256100
3912060.28
1836184.8
15472.45
1073407.85
11800.08
113.39
221118.94
83011.22
13720.21
328004.65
4790
13979.98
250
94175.5
3390.02
120263.94
2588
1440
588.18
14283.29
1128.06
111277.91
24609.81
245001.8
4953.65
25677.78
54890.36
37794.84
146400
160644.96
78
250.15
18786.01
40061994.63
1677632.68
15479.99
637762.32
9461810.38
152200
105923169.09
5335
341648
890341.88
14561
9818
11127
74958.24
474574.47
105886.63
66868.37
165145
164963
1093.25
20935.2
4234.54
292720.77
803.92
6823.65
216
235
164597.58
7603.18
2763.34
1700
815
29510.38
47157.8
735.44
120650.99
253315.89
64332.5
58584.07
130008
19325.02
44408
3198161.59
950.16
5581092.52
16225.6
208152.41
5296
13154.04
12043.84
139813.84
10784.61
1340.74
10384335.17
7311.71
135337.46
22524.55
49
141788.71
1656274.32
154343.13
193124.36
6873.96
7341.48
195.2
20831.5
101103.12
212.74
30616.92
199.17
625
5370.09
85.77
3947964
4264807
2530228.34
437269.66
7567413.18
9441.28
2122.01
13267.5
414185.88
27000
314081
60268
488947.68
20516906
9811577.47
289944
1992.6
3948
1672.2
2892.84
10900.8
7785
1599631.59
12283.09
11231.17
171
433.95
200
544556
1381761
212646.01
114203.03
178167.36
6.24
53208098.36
2365598.09
963973.63
10203460
19731.06
71948.56
34426.66
108580
481.83
3098.8
188253.27
550
8496.78
2069.63
3204.57
7604.57
6549.75
104505.2
.53
4376
85826
13734349.76
3599.32
76949.13
610
4200
3613500
658.8
349245.96
187061.08
49312.8
16477.89
1191280
3533.62
31622.4
39235.2
297755.4
270.53
1159
130005.7
5143.46
6321.78
10143.47
14168
49307.52
2182455.69
8585507
22744
4366.02
500
21000
61579610.22
11958964.25
471013.15
13585
329.4
1312
17023.28
25474.42
1292.54
3050595.69
181.42
583324.84
46373.86
36174.79
13125.56
404.12
360381.95
265
6693.82
19145.16
759284
1020863
3814
15050
34410.85
4742
193922.79
683200
3500
2400642.56
1107942
54173.32
97560
7780214.94
9450
36600
62897
32366.22
16600.75
6742.58
5493.49
3205
1110
555
255
83
3550.56
1660.26
6981.6
494
20422.89
457
814.2
6782.33
6290.32
8240.6
579
200
3472.97
102119.69
14169.47
21960
133848
401426.02
11545
5365.56
849540.62
20096.16
21225.61
47098.16
1035.05
2302658.54
6136
12819.88
21088.67
15859.5
34223.09
47116.01
91068.03
565.35
125450.48
72469.69
107.62
83549.44
228489.89
8365.46
80722.18
31551.68
37998.02
4328.25
1877177.21
9784.18
360801
1027187
38947
47245.14
757267.84
245323.4
664497.1
235623.24
118832.92
15800
19269.16
1933403
1206094.04
732.81
5665.68
7030.94
6205.28
4160.2
5164.26
14088.32
1900
2912.31
118.25
4822.83
5747.42
10906.8
31738.13
3050
3882
360408.22
13130.1
245.03
115232.36
24120.92
70
68987.41
285
1813892.38
206259.34
1581.85
1999
1390
17952.49
97562.55
52860.6
700
12566
6592.48
21431.97
66180.36
14171.47
13402.51
106727.57
1300
546
20423.63
919628.03
98764.84
562667
479136
10000
3908.75
499244
12411.72
410851.12
11461.09
467734.71
25853.08
648268.23
14176.4
1198000
94694369.31
703150.68
245467.24
490123.44
16089.25
4572.28
60.88
1935996.21
16348
74409.35
62399.85
1408.29
5.22
22474.62
86.45
43920
625685
19161.91
1304054
1061085.6
389.1
252400.5
79109.03
7592.77
1965140.42
1207.18
504
2245467.34
799
23040006.28
200
3352
3980
25796.33
5758.73
17285.04
28799.81
160.9
18300
129871
14586
7786
75695
1206284
1300
3681176.7
1768592.28
4016.24
203685.42
24045.69
2074.74
1321688.03
55000
50103
130825.75
164652.48
49788.2
1454.37
3025.56
22948.17
4094.32
49989.09
1420.26
193958.14
448466.61
46228
874147.34
35359.66
180742.99
49227
1244221.8
984106.04
1054651.78
730.78
2504.53
6909879.88
662639172.23
1420884.69
65726.28
3952.8
8420.92
9093.29
160
7291115.44
603.91
2210640.2
2171.6
15492.78
53736.27
1412879.7
391864
142147.87
113401.34
17845.02
15269.97
1088640.16
1141.72
232152.62
2586
29257
1734524.78
82979.52
57008.07
32075.92
37847.77
291
38394.63
8709980.69
405763420.86
73899
40110.24
44048.32
122021.19
110
172164
516710.35
179086.11
16877.63
20599.99
1029761.42
6761459.98
224349.89
14329.5
327516.91
36952.38
44621.02
98799.96
1564865.25
23283.35
145
17595.2
10518.85
225604.8
533883.01
6218350
10425641
25666
16442
201
9593.03
28393.09
5186.22
6731245.1
203396.16
504207.86
2590305.33
20730
19032
590274.6
123474.59
34958718.37
7385359.6
76098
57214441.31
1057220.84
330176.7
618636.66
2753016.54
51551
17730
8108.21
841578.02
19476.4
7824.35
93986.69
52035.54
13406.8
2800
606227.11
858
148000
136827.76
28042.1
32641.85
61712.94
671453.84
192705.91
161824.81
711
11567.68
4408.74
67215.55
27639.67
5812.39
131029.27
121846.73
127871.28
333968.57
193330.63
124695.29
17984.73
3220.8
282
74122.84
534103.23
394526.44
2654352
13700
29938.8
18961
22306.44
54898.41
6130.5
362
6020
160234.56
2542970.18
34270.72
398811.03
127929
121392.87
193489.21
19196.53
3920489.57
75053344.65
27956
59750
3489065.14
1629867.59
95000
105401942.8
14259546
7031489.56
14302053.58
177896.36
3075
144106.84
65
878.4
197928.47
77877.88
10435.09
2450
44300
183569.96
2063.26
5418.75
4659.56
3167.95
33389.2
11550.26
147080.73
18453.98
2575
46529.48
1342.18
149.79
5115.64
28637.43
102221
29938.8
1368971.14
4880
38445
16376
181199
34203.84
137701.76
278977.6
1351524.87
1587513.39
2942405.42
927
47661.84
1150
1390
171935.78
24147.65
50993.43
2005082.32
1707
3083.8
43225.91
160
24652.89
22304
260
46360
45639.02
1633.32
5595.48
80
276.8
4264.02
958
1233.42
1976929
1596086
280000
9080
6832
17080
500
69784
196025.87
1844.64
90659.48
112.24
40260.74
354672.68
172603.88
9665.87
4655.41
3693.71
170462.24
1391.94
336.83
1144.01
133435.25
10320.55
7042.96
85659.71
10542.68
5625.05
1650046.67
73444
15547.64
16646
105600
186853.4
94789
1366214.88
1109622
329.4
183403.66
40300.93
14680.74
3314.69
84.91
88894.08
1.8
5800
10121.21
1650.66
1123.07
1326.73
140.51
1797
6029.24
27818.44
89083.68
1250.42
1310428.2
13918.98
372163.49
97712.06
2358.06
7213613.92
12051
194787.61
379711.62
805
86734.84
305567.75
275998.15
15066.22
40316.64
44042.17
61966.07
45023.09
3816.69
231772.01
1650
125951.02
8155.48
359118.89
74633.36
642562.19
2453.85
3062.08
5483.57
1085994.89
251420.81
187599
2457785
243413.62
11859
1842801
2246938.2
2719604.52
894401.63
367551.95
947333.54
312822.88
3076510.52
34455168.7
13239.19
242566.73
11913278.9
52562.28
3050
1571151
9883968.63
2127
75
451396.52
2135
22717.04
17662.21
25190.7
5939.75
199074.59
198
198
1936.98
22937.65
44425.3
50170.29
64170.28
4902
78632.03
140333.44
105761.92
38017.89
47923.17
75440.18
146384.37
1146.8
15145.73
53863.38
193956.02
14293.88
5874.56
13083.63
164706.4
210353.52
11880.06
83695.29
8664
20449.24
70378.02
53116.05
119153.2
115490
848071.54
880
1263595
469174.04
6529
581.94
29724.8
21.72
24716.53
18127.39
53177.75
3210
4264783.73
1267.47
13032
65220.48
91859.09
260
91.01
34908.59
528.25
1657.62
476.29
2705226
519439
254969
67405.09
22389.05
1834
327
150792
675509.12
740015
2739818.04
225821
629
112.24
.74
52948.75
40888.22
4427.77
1364.81
12074.34
118
46.97
52441.94
7.2
953.2
409.55
114341.49
10225.44
8178.16
48
15839.67
1046.71
90
1917.11
4526.2
519807.73
13786
5988897.79
8296
13609.24
34156.45
27491.7
803
4720.9
601.82
20744.26
105.52
19000.13
43314.55
32739.52
51755.64
8.63
221258.33
75
26070.13
31
7780
45051.52
621646.54
98014
311423.91
637717.04
11954546.96
636885.32
264006.9
950225.92
2660.96
4161.34
301.67
722.24
3000
828.15
338.96
193361.66
5941.01
47280
979425.56
30232.96
23790
18010.89
601643.02
202054.5
3623.4
29093.32
145743.51
106578.57
91948.96
1680
5161.64
219752.44
18433412.18
15775
16444.68
313737.97
298056.18
456
182989.04
8140.45
111093.48
5631.4
11560.36
73074.89
177341.89
119455.71
45757.82
986896.82
49415.86
67238.52
97047.58
74010.09
57000.15
125565.74
45377.3
334414.1
2684.4
10208.04
26486.48
948396.3
3937912
12361781.2
1438789
101105
885288
834876.05
112951.84
175295.53
2464
23587
122395
107073.38
25488
1095297.16
3150496.02
5444744.95
311294.25
332952.29
4636
751276.23
3749632.93
155750
878346
90323.01
3624609.02
32592297.8
1268111.6
23577122.56
6079828.9
36529172.77
7019255.9
885392.98
503039
5761
21703.8
125973.34
471720.28
172719.48
234721.34
424273.96
8907.47
186449.15
3900
40285.53
16894.56
3187
8315.31
241993.79
7001.54
167561.55
28531.6
47252.04
35131.54
25272.26
45311.61
391857.35
54215.08
28494.05
138447.48
63546.21
65467.89
22370.9
122336.38
99954.57
613156.95
3612.14
36194.37
1000
19195.48
28708.53
220066.51
82012
905513.28
7930
806224.94
190076.39
81040.74
3435
18476
388
520347.29
32334
1872815
76970.93
720231.62
128326.2
1497816.36
1201092.93
316830.84
262348.59
43279.5
1763965.31
17506705.3
337027.25
857915.13
96000
26113842.24
1317647.13
7453570.11
12897459.32
75000
523200
6362339.82
4620542.42
4940
3294.54
251.19
36.7
108820
79483
5790.12
977.27
2983.42
6938.92
21073.1
13443.82
7198
95160
181760
407201
1212950
930277.92
5061.33
149899.41
13321440.41
251
2373.2
275443.24
602.76
5186.08
4828.44
15968.09
43994.82
2832.74
4950
527606.01
3859
113118.61
155281.13
132338.73
10708.15
233506.82
117679.63
215387.29
17480.77
10111.3
317502.54
107870.96
35009.7
6686.94
36753.75
13764.04
163746.78
7179
120834.59
47359.48
60379.76
25243.09
250
3065.6
141
129666.03
213454.35
503
37811.98
83585.22
17679
73920
35136
71186.91
60253.12
108184.01
33897
218392.13
521290.99
125660
20981
14115.25
2135529.4
12470
2657
20
335012.54
15676.56
53682.2
138215.25
104927.32
4623.69
278599
3861
12413.8
281.24
177260.42
944.98
37245.37
3272.65
58936.2
2455
71089.02
1466
116763.05
147190.9
14206.72
45743.48
4118.51
732.43
3782
44871.65
3940.97
318529.81
3351.97
1050
7076
16198.54
170.92
212388.57
277537.02
76246.39
23652.72
20067.78
15640
78014
84625.42
56731.9
159848.55
178557.89
32940
139528.4
149027.98
5446557.84
16500
1199222.8
811647.01
274000
5953405.6
1356364.37
17326
55947.35
1945
13006.62
405709.12
65.15
21560
109389.84
47405.4
141
26747.5
966
472080.26
45913061.09
6580.86
14737.6
304013.25
1853
439
35420.9
53005.1
469044.2
257931.04
610
26192.59
340
1802.65
43038.89
1368.72
666
98157.47
13684.63
53846.85
658398.36
6934
35
34249.99
572387.4
74123.15
3108447
13757550
231118
253808.08
323657.83
43109.71
3376
30270.77
50
38876
1614532.68
4598256.86
150895.43
21810
49006.06
45876.88
38296
912191.76
3554857.14
227041.41
278606.88
860061
2410646.8
6324260.08
63782.73
937166
111327
4707799.24
161404
10150
47.26
1422916.1
11208.32
109.8
5002
635307.16
47310.93
12956.94
3298550.38
362642.56
39138.1
80563.89
4528.24
2271031.71
360101.08
216811.4
37209.99
17080
1736238.13
776039.93
1448869.32
5418.97
112823.41
2674.36
153142.11
820725.53
137261.45
38716.66
309499.82
4509.12
49919.2
2580462.4
741407.71
52515.45
13814
101329.2
11649183.04
22074626.4
10374427.65
1135117.22
14056902.71
347649.07
637007.24
195570.97
4313122.32
153646.2
231172
1913538
251010709.58
69540
29598331.83
4090115.96
652352.73
1040
3149
291.98
4281441.14
9415.96
21619.65
184249.05
116936.8
23948.23
90845319.72
329168.97
9558.09
6077849.32
72064.68
447080.72
71173.68
642384.17
8365229.43
541251.84
9186.8
145105.15
1360892.2
215313.37
543907.31
179905.18
566054.68
1142494.41
731501.9
136394.74
84971.28
478321.62
1950394.22
211048.29
13924.79
277
16681.63
30848643.9
1454474.18
191136
18905.99
963800
221791.27
5967001.39
4597121.65
1430890.87
1983091.26
53070
7788382.75
993769.45
380099506.56
6572608.31
27173.3
1235650
3156271
13466343.96
5905.68
497777.51
72252030.23
100000
1433950
1159208.48
155025
876
176674.54
15700
97200
1138746.82
8531.54
366.95
15193
94829.86
612426.71
31450
81744.96
47632.56
280
350708.7
44266024.6
12240
32324.73
63248
41838.2
5555
365626.24
47552.51
117751
33381.99
30129.98
59354.59
234920.24
328835.73
203959.89
96403.03
31981.09
225395.1
167563.45
167880.3
672892.53
1557.94
358.18
1150.98
10149.28
107204.59
356470.9
2196002.53
5622031.25
545
5840295.31
81984
394769.72
57338.05
86890.57
6850.02
182536.88
68569.51
246695.78
25879.6
148
762005
534488.56
197500.04
52644.4
43713843.02
2516061
26820.53
1775889.9
138236.68
122395.32
3666927.74
20242384.11
1639870.73
1010325.33
4247232.75
27289449.1
94057853.17
907723.66
27925776.93
2639904.91
4618070.93
221395
962
9516
5295.48
908.9
531.18
35434.9
50
30729.22
8171.43
238699.29
68570
13549
19740
4087
173424.81
923918.55
374151.45
196
52520
2180
1264
22168.62
109
37020.58
13492.89
751.32
265834.12
4325
37148.95
31816.17
3239
9067
3023.24
90965
5670
3852.99
3022
512
683
5937
5645
7041.17
2390.75
26499.2
3510
1569.9
43540
13123.42
10959.17
39956.54
12650
1184640.64
103771.78
173457.29
132131
134761.2
610
9394
10022
1818
420850.54
1317.6
230813.2
57984
1304271.4
4113416
3304945.97
51139.04
38556.65
27202.59
36285.09
316.48
184.96
129.32
9413.2
3447.72
12534.12
484
45.51
6531.96
1880.73
66674.21
2461.11
1436.55
9583.3
398324.75
17711.96
141281.53
358981.77
20211
397962
223370
80882.56
417718.01
6514.8
16738.31
1119366.88
30500
1830
87482.6
1225633.53
9100
16773
10370
457408.6
3247650
505.08
82597.86
42158.32
12116.83
1879
15956.07
560
3046.88
48838.5
13675.08
7084.46
963.89
2105.85
14356
1300
25373.6
1553520.37
3682
43908
800
58506.44
18346.3
16616.46
8005347.34
30630.18
14805.7
4007.51
5850.51
300
1116.3
33828.26
20775.01
251
3685.65
24574.6
3768561
3049156
41123.5
9625.43
25872.52
51600.45
200000
4209
2530.35
11177
116760
4532601.22
257620.11
1004394
63272.87
185000
68136.4
17147422.88
1690
959
71530.74
10638.01
148582.92
75586.75
65188.03
160950
2848
3220.07
2846.75
3473.73
33939.82
1919.67
52525.62
392
3592
249
776.9
24753.07
7967.73
115303.5
2257
63998.82
11607.53
11119.17
100
69222
6218.7
11317.16
29713.43
4934.81
21353
274778.8
106768.29
10407.28
2647
42567.17
1818.52
37063.6
27945
1767
1038765
33425
526806
86034.4
36682.94
1686
13007.11
1980.06
345278.55
1020163.64
1842560.01
849523
1411145
5233.8
2184963.86
1065176
126189923.67
681806.97
13300254.19
90111.18
275
6798.42
295046.56
876.94
1098.74
3596
542442.15
312559.21
119695.9
2375
232470.68
30101.84
1183080.09
74610.57
1297524.97
261365.09
64448.01
2664256.21
794.22
242917.36
2726.35
22.4
8735.46
101380.95
4363.73
454353.11
147459.67
96326.64
1708670.96
384
50750.54
22992.98
312980.14
113566
114000
62220
48782.73
609830.83
188
14610.99
24060
4342740.96
4123.6
201664.65
1547086.16
78607.78
4515.83
1871439.75
16852597.2
483724.4
54900
180560
783046.59
2857218.45
93353.18
11193558.91
9880285
118152
7538441.52
6742258
12507
23475
3935.6
1707.17
989069.53
1464
76926.49
6184.25
65265.54
59670.02
7330.58
2557938.88
39759.8
93737.95
51626.13
39640.45
12550.23
1057683.76
430435.4
178763.59
11425.91
8735.65
453754.75
256585.18
122415.51
8318.7
29606.55
68703.07
267905.28
3403.8
92447.19
305200.63
3288036.3
183.53
162924.25
1517
4575.38
516526.99
231797.96
300
8124
1496630.24
478999.08
17297.77
4729.4
537205.98
67100
1443946.61
343088.4
341792.39
152703.24
1581885.79
779285.17
191592.22
19586765.69
2209942
895597.89
4955053.61
4883942.66
5730757
15954
9065.49
85325.31
28526
19157.66
522307.68
11408
15327.71
123039.2
61915.49
33061.43
5430
442640.45
13271.05
18669
241863.91
22112.55
245395.16
48846.73
54202.48
550
73140.51
210252.87
51009.31
24903.19
285481.33
114098.8
8820.4
202712.58
7609.95
1076929.65
57563.8
43230.85
4714.06
4832.59
46377.78
129216.97
289748
622817.89
304580.71
637.58
4392
410021.7
1827016.69
712211.91
118653
690169.08
22448
10557.4
489312.77
57270.57
131.76
441479.83
52460
27170
88816.31
938060.2
130
20226
17364724
20549.04
63709
8668
236328.49
1003977.16
20473.83
2181.17
295
91252.08
125876.67
512
91353.36
1306
916
1719546.06
429
143045.95
18828.11
372872.55
64069.69
485512.56
323776.44
173820.94
3201.04
10885
282467.76
865571.27
229087.26
113859.2
198320.5
178595.8
109067.5
768.6
164680.31
110112.64
732967.86
12244.31
21604
46963.89
26365.49
1175247.08
231838.65
125923
24440
370792.4
454431.06
4884
80
9923
2684
1817530.77
414282.94
419449.89
1046636.64
211988.11
8864.52
360490.57
63629.36
3535251.26
144859.99
57340
176959
85187
6536894.78
355876.97
40182912
85619.31
101138
40126.83
78411
4701.34
715044.48
65972.7
25181.51
120123.64
74508.7
119934.96
161
134998.93
1095679.87
6461
658
137437.1
44640.51
63549.98
780
323835.13
160052.93
234342.57
350
5454
8017.12
457321.41
166746.71
18123.19
72661.73
3411.46
189017.16
767
126535.56
49543.61
1559185.59
9665.83
11666.97
4118.8
19764.46
661273.36
119763.74
15920
215696
533914.98
233364.73
154038.94
1917842.32
699851.1
157822.88
4232270.13
90052.56
457352.42
24982.77
6671641.88
639006.64
134044
378749
388204
42212
1020751.14
26539130
117110.79
18881.51
55388
3841
699462.16
138837.64
48303.82
1043.1
53421.6
86063.84
46684.45
240000
1183331.76
8324.15
44098.73
27322.46
134038.57
33250.2
559626.55
101602.64
163921.96
6440.4
8203.6
128477.03
169569.93
21628.21
319.93
81909.81
41786.42
122746.92
14547.28
159684.77
82564.09
1818459.55
1616.7
145027.27
5642.1
22432.45
887196.05
149497.98
228520
224462.76
351080.92
64140
280502.4
374380.5
127308.22
200378.11
3114948.76
58584.01
289506
202536.44
128223.81
12202484.44
3883755.59
103479
42180
2437823.15
1611907.33
3280065.32
2949.55
27159.82
4200
2436.24
1038818.6
3160.61
38303.89
70542.96
109766.88
13210.11
1628325.13
10904
358944.45
88759.34
111269.81
89872.69
1134602.29
299906.71
75839.84
12901.24
349
35501.82
49406.72
2373.87
58558.27
67084.72
90744
3200
151762.05
89184.9
967420.84
5724.21
3156
3195.37
13401.28
464562
303290.67
1565
23770
87274.89
579770.45
122
16694
40241.69
896395
108960
10271848.01
230955.37
300236.96
112060.49
49421.23
544499.43
133399.79
2942821
360
30672
1081727.94
16859925.78
44903.04
19484.26
100000
30917.8
837242.4
15749.91
25493.12
31840.56
33148.62
56262.97
3538
38351.53
1372057.9
182044.75
41938.4
117403.49
45756.8
835588.02
440092.84
109870.71
222.36
22352
46759.02
1233189.82
115376.04
1827.5
102618.8
2714.8
70386.65
47912.58
33760.69
2600556.68
7911.99
308992.78
4089
28186.64
940510.23
312611.57
98890
529686.5
334794.66
10148
91900.14
29158
253477.14
694718.19
247402.48
257555.65
426114.06
2704861.04
21960
136792.91
16800
4138865.22
3978398.4
1747038.21
231
12089
475
3660
68242.49
1155292.6
794.15
22472.63
6553.42
24086.01
68508.46
80254.69
950
1720621.58
18041
138966.8
35979
107038.16
13245.6
312994.85
69888.48
129735.99
31337.36
31151
794337.01
312574.57
153809.27
5675.12
113169.46
116087.07
37001.6
152346.2
25909.05
2527606.41
69681.01
43175.08
34168.49
24363.15
534833.14
329765.88
11529
12009.37
123054
540444
319302.62
49797.94
12997
22962.55
549
43701.2
1098475
170427.1
1604732.92
268927.8
317579.13
193992.2
36671
23058
657872.06
235717.55
5352810
3031341.98
1500
4432423.23
9024958.14
14231949
17162
359204773.81
498776.26
1743486.19
13096.07
176908.26
570277.81
212318.87
78104.03
18662.39
238980.07
119000
240042.3
147655.35
2115015.42
12782.63
142075.51
111056.6
5655.99
12991.5
4681.58
172823.68
872.82
5684.48
7927.83
9842.88
6406258.95
1645926.4
3263526.82
5879838.8
1569390
1419.06
869217.5
21629.64
15372
4702.85
65934.73
1376.32
18026.9
9211
1334289
1470442.25
60609.6
750
56399.87
416757.67
4487008.91
33723.24
75936.09
539944
468.48
12171.86
47421535.77
29001287.99
184036112.39
54501695.42
1122747.79
23921938.89
441626.8
359.9
21861.73
31609.29
90650375.98
680416.98
9160840
11862265.55
227760
324809.55
28177436.5
5645590.1
284919.34
2686013.47
3781959
25033198.89
4443090.06
3270962.25
252605.42
99779.92
172.65
1644692.03
889897.04
587146.99
11952732
7590.51
24800.16
15262.86
5992
213420603.02
777472.86
2544.58
14963.91
78002.54
530.19
109518
372210.82
23152.32
12944.4
97153.46
351912.86
14620.09
10930.94
475.08
28060.08
6466.97
433291.13
130540
11487.11
7150211.81
36943300.3
10192587.81
744.2
18502.67
35043.81
136962.46
45617.71
398424.64
51296.53
58803.41
469680.79
118963.04
3746340.5
28776.35
5566726.74
56446.18
4596.64
4634.24
6160.96
52923.1
544404.68
1342065.59
5853.83
102440
1189410.58
148163.14
135.76
163203.31
66277.09
185026.81
12960.63
229504.52
477368.29
566370.26
48951.95
24230.42
12660.01
200799.43
78266.75
4497.7
475.56
24104.27
105180.93
1525758.71
19232.19
145231.56
563.27
524.14
267085.73
8296
73204.74
116323.74
102177.44
589665.25
146051.77
2681442.84
2301596.51
12636887.16
16358975.59
21455.2
189.27
1580194.72
49310.6
837508.12
165085538.23
170899341.33
14357098.36
599067
492973.55
137249.66
40956.78
31328.38
12020.9
791819.35
4884.25
119751.01
6344
15738
5127.73
5429.9
354517.74
4375.88
329188.95
14565022.25
23739.98
7216.64
78319.03
304007
35643.32
19867.14
5531.97
638274.28
52294.05
3750.04
680936.54
9246
1176307.03
2251.02
127024.06
5978.97
402576.82
26662.03
171014.54
11712525.04
192566.93
11314.82
619501.36
2259.2
37635.54
634455.88
6954
125006.77
342460.05
1415239.71
508435.44
970692
280135.18
30500
58000
6240931.26
14079523.59
465841.14
58371.95
925281.39
60697.99
2205368.44
188199.82
345000.14
90280
209127.52
327748
1390
1361.08
34081.32
330449.46
3836.3
52520.17
13.89
217414.56
8040.05
106670.05
44788.41
262071.96
17936.44
1879627.81
25407.98
5468909.04
33214.86
950.16
270455.25
35785.05
54910.04
116699
56620.92
6710411.26
84043148.2
37209
24591.18
9930.72
166.31
1652.02
40713.27
34750.81
195.38
5001.32
118.1
7621
1688370
36540838.69
9338.01
.02
497558160.92
161296973.37
3755.65
303325
7808.87
5137988.43
28524.03
7652.63
553024.04
323879.26
69308.2
1618886.32
5207.41
32245
6412120.09
397500.9
33441184.5
6853051.48
24862093.81
2773536.9
7536.12
28.15
106271.76
1118
342000
5739.97
84965.99
79586.97
96867.98
73265.93
25803.18
55752.18
23352.03
273364.94
271124.99
13615054.78
837977.19
3519326.09
3569456
13407092.23
102010
76841.92
4227.63
7672.68
2599.09
124612.21
43.68
2828.69
7398.72
2923.16
1570.64
247212.57
10665419.9
3650356.19
57597.07
62426.8
47097.97
22984.8
283604.71
333438.45
2987
128000.62
408567.27
206209.54
8951.38
3450
13832.2
610944.14
28579.28
784562.33
19656.67
53464
194000
506121.2
8025603.66
444089.88
54525763.82
9459483.31
23387
836063.54
107560
90115.69
14366.29
49202.6
26889.78
79332.28
76634.96
46273.19
192028
1976979.27
114439.66
22180347.45
25661142.1
15576309.43
16095.13
81699.51
77651.74
30583.93
31191.83
393340.58
65257.86
397675
367485.72
140915.86
1868044.26
12991.5
5946418.07
17883171.91
32278298.34
19321626.32
107558.01
68094.16
31399.99
103160.83
2341029.51
5486.34
343674
211567.29
106651.14
29541.12
177461.04
43595.48
250007.46
14786.4
13450.3
217682.54
326106
31512954.17
15740146.66
882093.92
3058.66
37847.58
142.92
25893.3
743448.13
9333
167707.31
313848.33
423910.44
73901.39
235826
18668.96
10011959.38
48576586.73
17794755.31
50875
38978.83
2440
747856.04
44402.16
5405.8
979891.72
296491.04
578168.09
3727.1
43641.28
313777.78
191368.04
594144.07
96258.39
97871.3
429781.57
925326.61
1319.99
71246.29
1934.57
9313973.22
2112
24559570.7
21759683.07
3600106.86
186200.18
112240
233158.59
184813.22
154499.19
14749.8
10319.28
313824.67
9101.2
68016.2
1157904.35
546806.67
251755.07
3294280
8691.26
15323.14
14.27
4669668.26
2468623.28
78444150.93
12527055.77
18740
191679.91
210713.9
15153.69
5273.72
42226.54
3288.29
98503.11
42942.26
14247.9
172002.8
86404.36
26034.8
22981.74
29400.24
11009718.52
957885.6
33077351
6932159.75
2561814.02
3323121110.45
23308774
332298143.4
52567230
50410289
151534.88
105457218.76
39662.08
4891708.82
218499502.43
178822419
665554
81217726.38
1425187
23122989
1250405810.1
391649280.41
185492269.37
20944736
93334559.17
34388509
127483740.28
142124211
3086173.77
43905942.92
1024175.07
11902669
2918879286.74
333641455.32
394422511
79904617.6
1102
61524676.82
56736383
17118080.41
52654084
155119237
3321
579
486376.94
107513077.32
17031174
69051595.77
40152684.5
14256186
552476.64
9437151
11527792.16
862241
157834.5
1351357
1738415.1
17648
17433
5814046
74170906
1706167
3371
41906915.43
779248.51
4848158.97
3747462.78
2198420.21
838967.91
4461720.78
11939576.16
461540.68
2258292.68
15656964.59
114719
6242395.13
1274607.43
581240.7
33478694.39
470902.49
7155.92
126937.28
542427.89
22608931.31
112201.15
14250894.23
8311716.15
42691
23063468.33
2972408.04
9782497
1545655.87
115097
171251
1099209.29
5027784.11
407376.51
2994936.55
6727.73
5056511.36
3009697.91
7233984.36
5725641.64
30137.04
1484299
345748.43
68498.75
224089.1
13688.72
41537
2218222.13
2957734.85
4892332.03
2517276.84
369918.18
660590
245
784029
3333473
71397
126640
10870
1448410
74410870
234739212
6427188.56
46100595.11
4061
735419.72
135116610.57
10160362.52
29577135.67
1022965
754661.26
1019880.52
2968775.7
205608539
45669649.78
51410
2600
11006932.67
15570688.66
8393508.29
1362
95177930.6
71993.27
2234847.15
199971214.92
144123.62
2047210
13975484
9746586.87
20832269.45
2241544.81
283971.99
8149443.44
1711745.78
74363895.06
12020134.57
310421160.57
22111
4567304.46
1358333.24
56431811.16
4703357.26
81708.33
9830718.13
45458512.8
34251.85
95176556.69
11840931
1296721978
27556451
1918082.84
156279634
9446856.7
4517956.79
41732622.25
14213820.5
1291713.87
95152751
4884980.81
73850000
59950.78
154978.78
332317935.46
34462
34345063.91
140074422.53
375421696.47
173982018.08
1503523072.31
59608893
1011459934
63936
19085
69452419.76
22477171.28
106867249.89
55427385.25
21744
1694760.45
747936.4
46081777.09
97418.98
13175
751525.53
490347
999419.1
617928.89
1760141.87
74563.97
4340022.86
1162663.52
346150.3
1121988.47
4327702.72
1144473.82
1995013.23
126230.72
233585.64
206936
119906.59
1263407.12
69372
611.08
17095
56618
101401.92
17046
73013.15
22108.43
533360.18
8346.4
106158
8246987.86
523201.15
44.4
9103958.09
3459
1084308.54
2088991.85
58128
56447
260016.38
9462
28362.7
127080
2795120.64
829007.26
6710392
610216.4
50483
2981.96
594829.55
221624
806904.34
4424
19458.76
65780.02
22767.24
41560
110816
295842
422646
172376.88
2189942.61
6814
548629.8
2008915.69
2052786.6
72978.06
2013228.96
317236
328042.8
69931.02
179551.05
6887932.5
703516.22
8015150.79
426010.24
122666.33
1338197.71
102259.99
24000
32445.12
338
5115.61
676
96788
168311.48
1017.79
118021.94
57922.66
3695798.77
50887
174537.12
335030
125916.58
5172350.37
28850995.7
1752052.27
3316060.42
152559
30320.98
57467
39037833.33
29985
11772657.03
5.4
7411.18
2030227.61
16348234
62737.29
250813.8
20200.4
58453.09
537603.6
2532275.19
39299.23
16457.96
689431.2
29820.81
777244.4
33205.76
125877.6
2200
9403.2
721045.4
12549
8523
1952
3571.08
31613.02
44811.47
389316.01
13011.33
22.8
10134155.18
97893.63
1286469.8
1995
16222
143595.07
6950933.02
162245.62
56559109
19030
2723.19
444488.07
1816
3124.48
2085388.08
348457
13188
672826.81
13605
1696440.56
54979.31
111854.82
1328193.86
131631.38
1494928.62
1497611.7
316388.96
10597046.01
231238.82
110795.35
2700075.14
49232
26230.35
338
5518.7
338
91156
154163.34
6776.79
131956.58
14665.9
3251913.85
16348
189224
11000
12551.08
3107878.55
27269189.4
1681769.66
3161165.59
3364.56
947
52298224.93
114128.91
2906380.63
13100
8718.56
106001.39
323854.75
288677.27
217612.63
110068.81
110324.31
13672.96
49374.8
36142.78
8523
452
826.53
17046
1477.38
299235
241140
2493709.52
235354.85
212243
80.4
6464152.5
209115
3998367.74
2005088.15
18364
41335
2022
27025.8
132411
71822
603.69
338106
1217412.36
63402
2542116
42567.77
2227946.35
821441
1124029
1773506.3
1195500.33
7447.43
2994890.46
6370184.43
273960.42
237731.52
1306349.15
161184.52
7938.51
676
1222.16
676
61678
109680.29
611.08
60280.24
4380.07
2592668.51
8174
183852.48
26000
110238.12
4578417.98
14697303.54
912801.22
1715761.62
17000
8354921.79
16128
323250.33
1262.25
13987.47
32143.07
7226.47
26348.21
520
938.22
383.85
41796
1539604.33
100749.72
1296987
344885.37
247911.41
7017.28
123541
522
310712.32
18096.44
6829.08
727966.53
236650.83
6426.66
217058.8
581020.44
1037968.22
18508.8
387098.16
13168
3968.76
10518
19241
19178.05
595.48
16348
588575.85
31252.48
3600
48834.5
697349.3
2551090.23
154617.35
290629.04
1113
4860898.26
323250.89
247.01
237113.9
47015.14
33799.59
357729.54
23661.1
375681.3
3237.95
151394.17
288245.64
327
90693
506671.8
217059
173054.04
27874.12
118739.99
217059
25636.23
542337.19
16012.4
7885.82
826.75
5876
7417.98
1653.5
3811.73
492.07
247501.98
15137.92
287407
12730
379599.8
1394367.84
85580.97
176433.65
175.14
20026967.03
28754
20.72
1058667.62
115020
5677.41
2798727.3
97570
1214860
795116.92
452784.8
77103
22398
4308
482951
147768
1449843.35
485792.73
20090
1053409.23
2493289
1229421.02
613847.18
23070.34
169023
217058.8
603835.34
2744708.79
93028.38
99919.42
769355.93
248356.33
9837.99
2264.58
33124
58077.08
1653.5
39948.4
6191.23
1482277.35
49564.48
2800
94898.33
1736707.84
6015542.83
368042.57
691797.17
76981181.72
79235
970593.99
2485792.51
31255.53
66905.98
528698.9
132154
67990
172592.01
310652.2
69214.1
197887.2
220160.85
11719.68
62652
2527
15183.33
73855.93
1918
2712
4959.18
3042.91
207095.51
107.4
2626716.74
223257
101838.15
2919099.43
35679587.83
7980
153318
9261
3417596.32
13555028.16
14002258
8453237
278438.34
2541853.93
8512
2123261.27
4979740.95
96558
40794.79
1906194.36
13969.85
217059
768257.53
14041745.76
337820.8
283349.33
3872564.5
341179.32
32024.8
9998
56430.45
1014
6542.14
676
157902
280172.94
3918.08
208374.2
29880.42
51236
5366314.75
16697
246076
5859.84
33244
88058.03
6458096.46
30876160.12
1890695.02
3553875.53
5688
14382812.35
1848692.19
4227704.65
831601.42
43476.6
107133.75
17984.14
471949.04
50967.34
267240.72
232645.61
205264.62
8545.6
37713.64
1100
31195.73
36142.78
8174
2826
3708.99
2187.06
409552.28
414407.42
34409.4
1682346.9
727887.62
530430.07
1497.7
86910
333380.82
273162
549192.19
1145922.71
407104.5
253101.72
1048654.42
21222
1190654.53
1352.88
1952802.21
90897.24
64544.45
3690
1725.72
76
228
11596
21610.74
6411.65
382.82
768242.54
17046
46634.56
23358
133244
1253952.99
5279093.07
324918.04
637929.45
1761745.15
169522.2
24048.96
81444
21820.38
4069.5
217059
178905.25
30366.66
71397.92
862.86
3164
5785.71
3693.45
53.26
67599.18
2929.92
2800
150118
402157.11
24373.16
45813.4
47882899.79
16128
5356860.89
566331.66
340081.2
60703.14
125367
645614.4
664575.48
424847.09
132897.6
388165.05
26613.44
33519.62
496810.3
1918
16697
4520
8265.3
17842
20768.11
1800
727080.78
4217.25
43.2
3822035.16
8445276.84
701230.38
1715233.16
250199
174260.8
9528
1995
25303.5
129064
132411
9582111.77
73233
204865.5
338106
63402
169059
6705758.92
2315525.48
14601
1165
677525.94
354056
1216.4
394225.38
10164507.61
129094.1
7661801.84
101250.84
65301.58
4367386.96
62462
28126.86
3469.79
132058
232729.75
3685.46
206929.19
26206.66
16348
3640096.01
42713
270266.48
5859.84
13700
32845
3900003.53
17878033.22
1087404.34
2043957.16
13526.29
4978957.42
16128
77441.74
686.62
87550.31
4865.11
15664.29
5394.84
488.32
847357.31
80666.41
7.2
1087
22269
146638.37
1865807.8
66.5
149705.6
71243.4
170260.83
201902.35
78649.99
291836
329065.93
663172.64
42833.6
12579.91
103514.38
3836
2933.13
132.48
4732
8248.35
132.48
7388.02
639.91
223336.8
9278.08
466591
1638911.28
99442.53
186918.75
56625
12088341.28
966854.02
6837.5
10459.12
812565.22
107206.58
207876.6
325074.59
201222.87
513.27
79763.2
101398.77
8789.76
2800
18071.39
452
826.53
738.69
7.2
458720.8
5985
1011
12460.8
6678498.8
1778.93
117038.85
291924.73
643985.63
824629.79
1585309.89
47928.2
604748.21
340037.4
10837
574743.23
1977155.93
38566
734787.81
79378.99
6040.02
1833.24
23792
40252.43
611.08
35635.66
1622.42
972842.37
31984.96
1400
1035054.07
4720233.94
286074.79
537725.08
9646351.16
1105076.06
10068.83
895270.13
443047.56
464182.34
243264.93
47080.13
33799.59
5859.84
32024.8
16012.4
27239.61
1122.54
7.2
58977.82
373375.86
1638.9
34498.5
6554342.65
2397643.29
1134174.64
2758916.28
489513.98
66631.02
1982956.93
16012.4
15183.33
464328.39
55491
6731.1
2444.32
20442
34044.87
24288.62
3032.79
784672.87
8174
33449.92
4159.41
781709.5
4667976.28
283426.33
532746.85
5963
58750687.39
48384
8005841.27
8554.13
66651.34
92324.06
6316817.68
1637682.11
21347
34607.16
348385.3
2459703.84
1543819.04
19420.69
518578.66
718360.5
56400.96
65544.42
1400
15183.33
432355.37
1772
8523
6708
11438.94
17046
17934.99
57.6
59298.08
2082523.48
1995
21925.3
486227.54
18350.5
41174733.25
6215770.04
2533253.2
4510125.54
2353872.96
10977673.7
17451428.1
242425.27
2739379.28
513445
284.3
41320.03
407393.84
12305430.99
486633.24
212454.44
3900666.48
232543
36068.34
114
9381.87
135230
231169.78
7944.04
191914.35
16583.98
16348
4980728.43
69078
244404.16
5859.84
25800
42460
4947800.28
29936974.59
1817679.26
3416630.28
1912.56
4073.66
1410281.76
55366.74
976462.14
194652.08
62197.04
86946.56
104933.42
146132.26
251145.82
72285.56
3990
2260
4132.65
2954.76
72.46
135198.36
129004.5
536806.1
32533.7
61152.48
60540681.27
10173.83
5896556.46
1107112.69
947129.88
23933
38168.99
193541.4
29918.32
970040
11896.05
783155.26
95062.97
457048.47
492936.76
20021.12
43709.96
1400
31195.73
547201.22
5580
8174
4030
7370.72
33394
22809
244732.52
105365.05
27874
815037.18
62405.16
50.4
8211020.32
7776871.01
49356
529332.19
57700.66
2249785.39
281395.89
6842.96
334050.9
14252
4799
210687
190476
13543657.98
297951.76
217999
3228
392072
20053008.37
427002.69
73522
196043
182197.42
934821.77
662242.88
318326
3217786.39
523030.88
32095.94
982395.4
63696
2408.27
25805.2
1059405.59
1108387.58
26175.32
9984172.02
122838.22
105418.97
4432261.24
179585.34
16012.4
62299.68
338
4890.67
338
181058
319854.56
5897.16
317466
14924.94
34190
5648464.27
50789
359403.52
479801
20811.69
5239779.63
23857358.46
1447232.19
2749341.35
38229
7000
23828
46468056.59
32256
29130
4257891.91
487727.65
30131.18
117375.24
463752.5
84496.7
299884.63
35520.01
243967.18
21486.08
33362.4
5800
215081.4
1772
8523
5914
10812.94
8864.28
699802.81
5419
43.2
294219.3
7857471.4
28470
2431084.07
1766822.67
11298
1011
16692.8
127647
3833495.49
4632114.88
199235
50986.5
860066.1
1925414.88
32976.9
5112404.84
2134413.73
1340384.64
58396.4
467868
217063.8
178756.92
2733226.8
106250.94
6469839.04
213640.82
62838.1
2424593.91
117162
19153.71
1222.16
80904
145434.31
117307.78
7956.24
34092
3004562.78
8523
148205.12
10300
115523.04
3349720.18
15063625.54
913884.74
1717798.3
1335
1247
28176367.32
572983.62
3185935.51
31718.63
91217.35
589338.44
109176
5039.12
262919.64
434518.58
111978.68
161565
197051.47
519865.33
151010.67
7324.8
54580.8
5859.84
31195.73
49555.89
1128
2055.93
1890.24
206858.25
797141.24
66139.48
7.2
872869.24
1099492.99
1021521.78
97573.53
66636
5985
2573642.14
18522
10623387.61
41371.08
360153.88
319990.32
2711064.77
124881.28
5207969.71
7950694.24
9425.24
8350.22
1131823.92
1189563.57
116311.43
2561.89
238644
210039
75660.86
1221727.85
250
5342566.89
252489.62
58354.66
1539320.13
80663.35
17948.28
7620.52
57196
91028.12
5715.39
78240.88
4094.45
2120692.28
16697
147716.8
4700
44977
2338037.27
12544236.31
761816.01
1431959.79
11958.6
54278864.34
15973.73
557179.7
696108.6
16973.6
7261710.26
7.2
108927.1
21153.6
12830.37
15886.12
127680.69
135956.75
169.44
144.62
3972.18
1037882.61
20840.97
97573.53
643774.1
889.53
965186.25
255767.89
216080.25
300
19532.8
58846
1678371.39
32024.8
1209.39
607.24
20774
38029.4
607.24
71415.25
2563724.98
385115
308040.84
9232.4
4027.85
4816.8
348752.6
178664.8
2351112.58
127811.89
950
1985.72
1052757.86
131626.67
165906.8
4816.8
358847.58
9800.62
37000
241255.16
31.74
172356.92
7510590.15
5595.33
2333075.64
4305.28
97570
3586.67
223966.18
1559631.05
2996.92
16606.8
64690
519.75
9794.33
3792
5329.4
97620.28
630252.34
16410
189195.99
1167.91
331798.5
5159.6
1807.7
384.3
22398
52930
8.4
59700.8
94189.27
1110049.25
4340.25
705972.71
71385.44
13193
4848
352898.74
15973.19
71977.59
308891.36
9953.03
633943.15
19133.51
9636.32
13786.36
4928.04
73060
52458
14049
57923.44
4695214.63
24568277.79
52193.74
1720136.52
333.6
59580.94
374.77
429301.8
3535033
688155.93
2257721.74
3240
1163.5
252729.46
78394
672365.21
16790.26
51520
2890.13
2479.38
57737.48
399452.41
12495609.98
547495.67
42951.96
10189933.68
714739.36
2948860
46329477.63
5740443.28
101810.9
95421311.91
89058.33
2270342.44
23820
34183.71
2396
22587.42
1010
234192
417719.04
8574.13
3220440.86
8456488.78
3246179.9
21766.4
34190
2619967.42
51983
464148.16
11719.68
30275.84
204606.08
527159
1294272
12881549.13
16774392.91
1031699.56
1993106.78
355962
159119
130450.26
849884.76
54040474.15
20902
6652006.6
92604.25
35000.36
146464.98
699660.05
340762.36
8673.9
461249.11
106658.12
452947.12
21974.4
82921.22
1400
147798.25
8523
4068
7438.77
16348
6085.82
149446.33
1010081.41
42.6
10793838.5
410859
2266366.7
2107777.95
113754
266640
38600.6
3465
74820.7
673485.88
138688.5
676212
3500337.15
20974.24
1871.28
126804
385309.9
5671431.97
1958507.28
3790396.05
21975.3
448197.43
228723
2695.29
278.63
5199869.14
404825.73
7585556.76
440302.46
138203.24
1628456.71
163515.99
19672.02
2659.99
5241730
9598388.5
826.75
84803.18
6173.32
16348
3495854.24
34490
2929.92
138438.72
24800
175061.92
4526690.96
17908578.75
1092569.26
2053665.52
10941506.79
217059.87
784703.28
1683.7
26898.96
75777.09
56310
67599.18
22678.5
376
699.92
1447.25
89320.15
773621.4
40053.57
7.2
2067009.6
488367.84
444072.39
9975
257853
354677.94
1162581
4816.8
425757.47
739792.93
386008.3
2556658.93
1645227.69
128099.2
32549.33
283019.05
2500
16012.4
3451.44
13184
24105.47
14330.81
312.49
701067.71
26369.28
5859.84
5300
38570.54
1025881.9
3843498.64
233541.34
438979.76
71840299.87
8244929.83
62597.93
365470.56
54640.2
9261
33852.73
215979.25
1658.71
1034576.8
1317644.06
317151
641006.25
72023.52
619864.75
34914.88
110879.62
14490.78
518989.01
5608
33045
6856
12541.73
23281
1525101.94
16348.42
68.4
7526.1
20570018.95
47214
141911.8
2396278.84
59921.83
842193.2
10419924.32
3920351.1
70302
138179.7
1623341
120651.55
383832
663672.5
7832588.99
639242.72
193899
676212
2187907.21
126804
169059
120397.31
7204871.84
76513.33
3251388.06
12535.5
9320
3408844.78
1424512.61
326144.31
678045.24
8914886.96
1838082.44
12264273.28
560758.92
247110.38
5666351
169608.99
16012.4
40728.18
10308.76
200690
345527.81
7332.96
266961.67
51362.5
69776
7584685.54
50838
425552.24
488.32
43475
186248.5
5900516.89
28698922.79
1741857.14
3274109.94
105464.91
3291
26759203.31
16128
1653669.66
360250.93
317402.1
7691.79
48164.57
195.04
239628.62
254565.55
3630.38
132235.74
168997.95
8789.76
2603.42
178050.98
1808
3306.12
7386.9
284705.29
4477773.9
3403891.8
15348
1046687.76
24100
6622106.75
60491
547863
402168.11
36278
3886761.68
1032455.25
13436
2314516.64
412128
74118.36
5478095.04
56776.04
4615532.09
103777.18
28158.8
2302196.94
74926.27
20363.1
611.08
70956
126427.44
611.08
112931.42
6687.02
2625889.93
8523
143077.76
5859.84
7000
143268.88
2172213
10454547.47
635496.49
1194521.33
8609214.27
92847
483407.24
2285.86
18906.86
54804.92
52499.19
19702
33799.59
2929.92
16012.4
18071.39
904
1653.06
738.69
81444
414408.51
34390.32
1021297.8
438836.67
290300.81
12628.8
333380.82
47196
208489.99
201983.79
10476
290533.19
378246
261610.19
434352
37810
2085.2
336486.11
11215.98
1045783.94
6948.02
7967.93
26668
5348
9787.69
6411.65
290.26
459082.8
8789.76
25460
766104
2443467.91
149862.87
299703.16
33406930.67
24369
2880374.65
387079.7
21662.88
118165.18
302825.68
60926.27
7861.93
281296.16
21184.85
208685.4
8789.76
32024.8
3300
30366.66
36142.78
2708
4938.39
3664.44
162888
414408.13
34617.48
51.6
4530227.4
2162093.44
1208979.34
2022.32
87284.7
94905.16
675491
3990
2022
3419.38
5815494.74
676212
72922.89
126804
62694
1503899.82
1389887.11
14601
4660
1748876.75
422619
221876.07
1922576.67
4410792.15
153755.2
105464.84
1072738.58
93307.01
13113.69
1038.58
38716
68787.6
53601.9
1888253.53
8174
76122
6600
109668.15
2830439.87
10075149.78
612240.23
1150807.12
31432
28345234.75
85959
7573521.85
13555.5
60606.84
1023437.55
672267.52
152865.79
269309.1
9417.8
639896.15
46524.01
184861.38
643190.61
437263
6460.96
70296.6
5859.84
48037.2
16012.4
65543.13
8194
344.55
3016
5511.48
5082.68
570108
529746
14.4
243961.2
3382448.19
3549653.1
1196221.19
1087118.31
258696
694619.19
1593847.44
12130.92
178489.35
1857143.11
713769.66
83249.04
4882.4
217059
306884.45
300993.6
20525.6
3896957.93
225996.44
168698.15
461527.13
93518.01
3624.21
1222.16
27230
46472.88
1653.5
20507.02
2510.06
1216362.44
17095
85944.32
8600
151465.98
2615778.45
9777100.15
600597.7
1128923.26
2084281.51
969752.52
10419.51
39810.46
83807.71
82107.42
101398.77
11719.68
16012.4
1100
46379.06
1356
2479.59
4200
210880.8
186481.91
95572.25
33552.43
48122.27
434628.54
254522.79
32024.8
65228.33
1918
5082
9290.55
386.69
118668.33
21241.92
1100
8386
181943
726232.54
44269.44
83211.75
73346859.74
25211
418678.89
652027.51
15435709.81
1304328.44
198568
161454.99
305851.57
4896.29
78939.78
1179939.47
1392420.43
608148.18
723226.55
474400.56
516594.18
52250.24
21216
5600
16012.4
348197.09
35671.99
862.86
33792
15326
28009.34
25171.24
26416
57036
11456621.91
312598.29
9998.33
8507.04
592302.86
45256.5
292346.31
66513.07
713.84
42763.28
22265.11
19856
110
198.72
738.69
8055.7
46.8
5113.8
20092190.39
64557
476315.99
4332
97570
2838834.05
101739.68
59220.2
22398
2804.14
6960
186756
13081
34600
132411
8072.4
7430073.98
764336
676212
169426.47
126804
338118
284424.78
67378.81
361397
3373318.36
72435.71
1174716.13
156889.07
165440.38
63093
4816.8
24291.34
65566.12
4545857.5
2108610.08
10263943.61
326667.24
216155.61
1569733.01
129943
43141.02
452
2438.67
904
177180
321504.19
605.43
216499.79
15092.99
34888
5761753.93
92804
480751.04
38191
213557.12
6913407.11
26984362.99
1638043.04
3122314.04
101469.64
16153
63687972.37
29985
129990
185878355.46
69890.89
73055
4951799.96
434552.14
333380.82
29435
3064478.32
6012051.49
645964.74
57206
656790
941175.83
15142634.15
761614.1
232098.28
184331
48896.67
1618154.06
10255.47
14169690.06
1033550.83
5483737.86
282004.8
698959.2
5859.84
11300
249028.83
3646418.35
190802.83
26576.88
338
4097.82
84232
150240
268325.7
52032
826.75
194073.52
18700.88
523173.88
1995
60617.6
1296228.48
64974.9
7150
82.2
31160.4
12481743.12
965945.14
262046
2832640.48
653415
156820.28
243170
268057.91
60154
31550
3856.2
287242.5
2892942.72
1457677.94
353365.22
178754
1849785
88347
2556721.91
16566
44175
147921
211323
184608
49598.21
4956.59
8670.4
3121678.43
29154
81627.12
38703.04
176663.9
963.47
212242
72082.33
472330.77
5642960.87
705085.24
10311274.13
301494.88
87906.74
4088795.7
107616
32024.8
48400
57292.32
452
7039.72
126828
222465.74
1719.74
195225.07
38560.25
33394
5365060.67
41917
211179.76
5859.84
10376
213904.65
6994539.75
55634548.93
3364987.74
6325451.7
539343.6
38052
3339198.15
4441.47
20351.23
1570.37
88.15
3.6
303604.2
152618.82
73613.97
1995
686746.04
19257
19027.88
4816.8
74064.15
22256.07
17707.57
4816.8
217065.07
178016.08
384184.28
102595.63
29900.01
862.86
611.08
3252
5157.65
4578.31
144.86
146967.92
5859.84
2200
50759.52
334730.48
851012.24
51576.49
96946.58
39761714.54
6397320.2
1040063.42
10018.2
333380.82
9261
76794.54
171378.33
7726.68
689957.47
336759.55
38815.64
4660
534966.64
26015.81
407232.45
26125.12
16012.4
1400
12579.91
459278.86
3836
17444
8322
15204.68
18881.23
33320
273652.01
57.6
82061.4
10069476.46
38370
567005.28
1386026.25
95091.77
52203
287692.7
13965
8346.4
153318
7091135.17
223768.32
365699.91
739605
1056615
466578
34980
3289781.14
2415742.22
4660
2320507.83
448825.86
573.72
691939.82
4861659.34
2812664.37
6393755.18
133517.6
37141.06
3722869.79
89942.99
34513.41
1487.12
105782
189796.98
183705.09
37708.02
68980
3221614.26
33743
192886.4
5859.84
3906.56
142655.31
3193321.93
15295991.97
927090.78
1742621.15
2578.82
19882
29958993.69
32256
5541699.03
62632.36
17446.68
24182.12
206814.24
16255.21
7534.52
176146.73
20984.95
67599.18
2441.6
6601.2
1397.6
43793.63
1918
8174
4850
8884.06
8095.46
200044.91
1235913.6
95442.03
22.88
82553.4
7644958.9
21942
311026.55
1155406.07
48189
514685
129234
7980
8434.5
306636
2484575.14
18350.5
2048299.15
1767840.69
25386
3495
1183219.41
2545.55
267842.29
2799265.54
585538.32
4433183.11
193777.2
92758.12
2423953.82
115466.01
16240
21570.51
2659.99
80836
142106.63
611.08
112106.82
13644.26
2742025.15
155041.6
2800
84649.7
2908224.76
10282867.23
623965.58
1172846.95
85639
40612046.06
41599.32
7408677.97
14007
31160.4
64785.78
191317.25
206178
6451.29
749946.11
258947.33
19667.22
14601
609859.16
420397.56
27101.76
72183.2
28127
215082.58
6443
1725.72
3912
7155.27
9927.68
63558.99
858129.35
331747.51
27510.87
13.8
54095.1
6610608.04
2169593.16
146773
1482068.1
4000
33694
12824
4217.25
55473
240050.77
345679
78342
892763.6
666761.64
160379
338106
1491764.34
63402
38808
3770288.07
477402
292203
1554312.07
29202
9320
1459865.75
16049.67
646396.44
137111
110307
1282.58
4951242.57
1835406.76
5738812.33
298030.42
106490.66
127497.25
1500
19502.22
3008.14
63712
109431.13
2480.25
68758.43
9285.39
17046
2440331.79
17046
16114.56
91071.68
5859.84
946623
196454.1
3291408.86
13860185.78
854802.61
1660481.66
15877.54
48767640.6
17508382.16
2751.74
2308122.42
173733
402812.91
50142.42
36974.54
1656659.8
701.86
1970061.87
635530.23
1282618.11
25035.81
1357448.3
69811.12
81339.6
1400
17908.64
1056880.23
2635
862.86
1239.11
8174
24448
43267.14
628.03
47334.18
70573.68
2165798.13
28.8
12703329.32
105471.45
598285.05
1595588.8
123691.98
135662.94
526676.83
153318
9208795.13
159806
534170.94
338106
4298628.46
63402
169059
346591.8
6381860.41
148017
2141983.88
14601
4660
1540674.5
561431.43
217059
4453.78
191103.17
4467242.43
128261.86
7844651.01
108378.02
72250.71
4460887.61
25483
42624.69
4888.64
135052
236988.98
3666.48
218362.14
43415.44
17842
4160669.72
25220
281479.2
5859.84
12994
80271.81
4188108.88
20810470.65
1272689.83
2392232.03
17939
135098928.73
86558.73
17533735.6
4517.23
6707
4395934.72
3129844.8
9261
75506.97
251359.73
1812.06
9509
238233.6
497368.5
182242.03
2550241.8
455136.8
302104.74
1206923.53
675687.95
1317304.75
5650
97101.12
172194.4
13560
81970.45
1273033.14
3690
92455
11638
21264.4
17046
53750.31
2335217.34
552533.84
45820.66
103.06
29295643.24
7939386.96
130244
812468.51
5001101.4
5565.77
3614537.8
483702.5
2514.49
23923.3
274865
1995
16614.4
46263651.64
459465
424964.5
338106
43001023.22
63402
15450.66
16634475.96
68511.37
4816.8
7569451.04
29202
7378.33
11682055.44
11310.1
4387944.56
962.93
212242
141928.02
4208232.95
9522889.6
8276044.68
26950650.93
327169.22
328815.96
14788876.76
303254.65
125979.54
14539.31
437526
769117.23
13757.98
718044.65
173580.39
120216
12381064.24
127343
789369.28
17579.52
19044.48
20100
561693.21
11630621.4
63938542.96
3899603.17
7329952.33
51040.56
43325613.46
1100899.57
514022.41
5528.32
69145.08
67342.65
17269.56
21425.18
758.7
1770
2487.27
543.03
2333.23
6920002.88
587749.87
14443
90
1574419.5
543820.24
1804040.93
34863.69
526999
1655
1801790.2
10192508.12
504516.02
65000
35576723
41271.54
6671390
169059
11983.25
84563
327960.6
2714404.26
651558.81
1503975
1869369
7950.59
770136.7
115791.6
4816.27
1402653.31
1524550.02
118840.88
10457608.17
273637.62
157567.92
2263825.73
130241.18
21216
37793.07
490
4529.16
141262
248479.5
3702.41
180249.32
4929.47
3404571.2
8921
296410.24
488.32
814501.22
146117.11
4187020.34
37644647.83
1472287.06
2784363.29
89721
1369641.5
20722
2935209.9
570159
323251.73
4944.83
13987.47
43262
54669.63
282859.16
31640.7
266
491.71
17842
221.86
1066627.29
97438.47
310784.4
175600.16
118811.45
13662
86524
214611
1459
25414
86827.08
102747.26
100498.21
217059
19190.49
416616.42
45362
42393.61
72285.56
30999
862.86
4968
9086.4
3338.61
197.63
145379.85
11719.68
1400
518713.66
1203269.34
74438.44
143663.71
231866.58
222801
13346386.72
1089705.61
14536.67
45731.74
115283.47
249770.89
104735
33799.59
54214.17
717
1804
3285.33
2925.75
2147237.75
119334.06
1612757.1
451663.07
454687.43
1647
1345734.75
1100072.95
82897.5
1014318
547482
190206
507177
20785.78
4816.8
483441.19
204346.65
89304.8
54671
212234
881433.81
3160.64
1757835.65
39930.38
32433.98
581677.92
4000
3105.9
24526
44865.02
25795.01
940.32
921340.88
57133.44
2800
12756
1311995.86
4601080.27
279628.21
525607.65
7193563.09
2296641.44
297.86
19912
8597.14
64720.72
233511.16
91090.8
46410.14
166550.2
96764.77
14649.6
64049.6
107098.42
3836
17046
3240
5921.81
4313.86
391675.65
414147.37
28968.46
21.6
1558839.9
25164
39410.16
188207.22
4173.2
100719
991655.29
142864.03
454588
62186.22
85244
227302
98631.61
732680.39
328425.94
236136.6
113423.83
229831.53
203813.8
2027.58
2503.92
1306896.66
271391.64
1209458.17
59960.8
20286.17
568724.75
50355
1034.64
38
1833.24
16960
27553.75
1150.27
24789.63
1381.54
597619.11
32473.28
61840.29
480594.98
3177645.15
192584.54
361994.66
3820645.71
7.2
587686.5
44807.04
77180.74
720.35
354677.94
169055.44
434118
94597.25
209178.48
448669
16012.4
16012.4
35255.14
1918
344.55
2260
4132.65
1773.08
143.98
117986.4
2929.92
1100
11156.77
330040
915110.17
59390.5
113119.38
3887986.51
7.2
505076.7
2903.55
150639.38
527643.59
7500
304970.42
127682.54
330073.5
383229
237882.51
545392.64
41075.91
1918
862.86
826.75
3654
5857.6
5997.67
290.37
165941.88
22951.04
2200
28273.97
309761.36
1150714.47
69740.26
131088.42
6598844.94
16128
323361.57
1023.61
11301.32
105081.4
37918.44
6013.81
25806
7654.2
17507.22
452
826.53
16687.74
7.2
672918.6
7848.54
249015.06
46717
3990
1093323.97
412444.17
204972.26
46946
291951.46
90752.96
806116.63
80062
149637.33
15824
8136
14877.54
6056.81
2768.25
374889.33
8174
11945.2
2400
523298
1806283.73
109471.71
205770.34
6005.21
38589.68
8124275.56
32256
39094.9
19.4
38241.81
438626.32
224
402.87
354.84
1659237.39
121253.26
7.2
1086767.7
472806
410252.41
74748
266794.08
17160
1502.99
5637
90693
6034.2
15435
80949
9647.94
14695.54
15180
604938.31
41796
434118
296546.33
119917.6
47146.69
551203.46
1032883.64
20101.2
4142.52
262
611.08
7270
12963.8
10312.65
507930.27
27101.76
357042
7344
827874.22
2639467.79
160317.27
320772.91
2621.4
837
34937194.32
16128
24180
1958740.84
48400
19893.01
58509.36
200670.55
22328.99
147293.75
83418.67
129198.36
11719.68
16012.4
2800
72285.56
1918
4178
7637.49
4698.83
254606.73
5228697.82
407461.88
16.8
52758.6
5214411.4
2096091.42
1241565.91
32706
83418.67
10141
1590
8111
59652.32
9961
9261
925971
355354.29
173640
463002
44040
2967399.34
1138056.52
199281.6
322808.99
240801
217062.2
68.85
508890.65
4637.76
4169645.98
311341.68
61562.39
1228741.78
99118.01
8283.06
3961.72
62254
109880.41
1365.94
56201.82
9959.06
2391591.62
8523
139152.56
18400
45879.19
3329044.66
10419145.27
631463.32
1186940.31
113380.08
147498554.96
82206
19480813.28
22112
121542.16
89910
17121
177521.78
657974.74
283.21
1936826.27
379701.21
8944.7
1618327.66
1198791.87
67613.68
168161.22
6400
3866
488575.03
41966
10620
19407.41
24700.36
2439553.45
1995
1011
234189
132
898377.18
16083162.53
314421
10796254.34
5302409.98
379239
193983
199231.27
18857
16545.5
1717386
778338
2434746.63
57902
156.76
3545100
517713.72
25504.2
5613.84
664782
1437440
294861.35
13779112.61
6382420.95
14601
4660
2314773.21
23404.48
953878.02
217056
25787.48
23916.21
8021462.59
218118.48
18083630.64
670544.06
271560.25
5426545.51
410119.99
36200
79382.13
338
5902.81
338
208600
372117.51
2504.91
290171.32
45061.97
51236
9442187.35
99882
365170.16
6348.16
9278.08
25920
200451.72
12235637.54
43724339
2655209.69
4990907.96
504763
2000
56470
60329931.96
16128
829742.7
1142691.69
6475548.57
7.2
107.17
1567870.69
664549.92
788265
46305
82729.31
169265.05
1119762.57
8933
898746.09
517302.32
112824.6
495125
599550.8
37356.48
33609.2
1400
820854.96
8174
13602
24873.44
34985.12
805239
52.8
1467764.88
12791143.66
1379749.35
49950
2168684.7
17297.06
8272536.82
211711.26
4169875.5
11497967.05
1702024.48
3598983
151105
33183
75369.75
338106
2449898.54
1711.08
1642.68
1852.37
63402
169059
4725
2258
2271264.7
11106
515174.67
29220
434131.61
2205.38
114403.76
5173118.81
591309.78
9746483.54
195988
89292.49
5278038.98
57819
41077.68
4031.58
153674
271946.97
6080.49
268912.17
29361.04
17842
5081176.89
42664
386261.12
24939
293278.63
4984400.09
22984629.06
1396972.42
2625841.91
72418
39713927.8
32256
383680.8
1139087
6406869.12
21903.04
1183649.41
460651.8
14749
45813.96
77395.03
1560.59
910993.11
71694.73
764697.2
687352.15
3136
443211.48
527525.49
71050.56
4200
836023.55
15588
8174
11084
20264
16348
37348.48
119974.06
850653
21.6
879181.5
8623845.26
780840.78
1432854.16
9326.68
5246101.29
53414.42
3231114
1995
285729
6769731.93
1299604.28
1297790
106347
1869219.27
10463.9
1333564.47
142231.58
97049.87
434112
64.3
63643.63
3240327.93
65549.94
6238739.82
363163.22
147230.08
2128648.75
38698
20535.87
3055.4
88112
151204.58
3055.4
112072.21
13474
17046
3020153.47
85726
195065.2
32132.2
196459.91
3328390.33
15249174.73
927047.27
1742539.42
44799076.83
32256
508431.21
1737656.69
5359225.13
1042900.53
421925.4
39609.58
136337.55
28049
849046.06
800.67
628746.46
235316.12
5693.42
383862.85
475246.29
16358.72
16012.4
11517.39
506171.68
1918
17444
8402
15355.92
22485.41
1115.2
850653
21.6
153673.2
9846455.58
1299772.82
1520578.94
2599.52
5388409.12
1326384.27
3990
6477036
1985569.58
4438154
16616
338106
1973287.4
12360.36
63402
22775.1
30198.39
45436
1517835.7
9891
206744.31
17258.5
395572.07
100.23
54949.13
2078235.8
65391.22
6947816.39
268924.48
107653.34
2783027.87
35703
26922.42
1487.12
90460
161994.7
1833.24
151072.13
24628.32
17842
3390125.17
43062
239746.48
18231
279802.45
3639317.82
16337800.22
993747.44
1867913.49
14512
34308751.63
16128
1075118.22
1117289
3452623.41
477391.65
186771
9261
38080.1
93739.71
109176
501670.37
908.4
394353.67
364275.02
8522.38
253956.74
236597.13
30275.84
16267.2
1400
28772.74
235575.59
3198
5851.95
9811.64
850653
185681
19289.75
.6
1482485.1
6610546.8
637055.38
40653
1187134.02
4603.28
4542256.92
2308338.62
167256
6006166.19
1583306.58
2113293
48390
1199432.4
14832.43
20927.8
27707.28
1116108.45
7461
74839.6
219537.8
2054.32
33831.96
2539596.45
119822.02
5534548.89
152460
2317723.28
25762
15186.93
338
4521.48
79510
132078.45
6770.7
117983.97
10846.58
49742
2879863.39
67584
183833.84
5859.84
9800
225544
2864520.5
12801355.35
779091.34
1464431.64
.02
43762431.03
659107.16
1142693.6
3780000.21
241
476923.54
117106.8
37997.38
75217.59
423200.77
120.08
356533.04
121148.12
6049.78
274637.54
383439.87
15870.4
24146
1100
12579.91
386064.61
3690
17046
5686
10406.45
16928.49
672243
1473
28.8
1441988.1
8557669.96
1117541.63
1495296.06
11091.18
5464646.61
2053960.2
153318
7245152.7
1583374.18
1994890
88049.5
335.53
1541851.23
213
1614711.92
294168.83
37725.16
434094.33
10041.79
92466.99
3293995.84
128573.76
6761282.82
225143.2
39758.37
3062127.79
73056.01
29683.77
1437.83
107924
194834.58
826.75
161331.24
22929.26
3532545.18
75360
320770.32
20746
134824.5
3693167.65
15401835.85
936393.21
1760106.57
51704626.74
36743
1134078.87
1117289
7277720.04
1423470.86
1060841.4
9261
90435.23
80636.77
977536.98
34870.79
891120.51
514993.4
1219.32
475096.55
198926.47
685965.09
48343.68
5859.84
1400
995363.99
1772
2048.91
17046
17928
24512.18
17842
5319.98
41397.89
805491
32222.8
28.5
3285005.4
9223689.09
41388
1051339.68
1685174.41
11630.65
7122548.81
3040044.49
2659
10297.5
9191167.19
1538374.38
1624031
34986
25854
2313832.19
5024
16450.09
1797588.1
429140.07
125225.28
231548.07
4212.3
111477.78
3605553.46
167174.08
8036560.18
276320.82
111820.58
3690746.09
59743
32024.8
18000
30546.63
6973.48
122506
209680
3522.67
195845.48
28992.11
17046
4180702.92
59361
307153.28
5859.84
26675
197094.21
4247226.16
19405240.75
1178515.75
2215216.24
133200
37006355.97
29985
450995.55
745651
8839318.84
36.33
856743.74
1845024
11357
61282.81
161804.42
1613686.42
1086.42
1072050.36
206400.02
8674.46
704224.92
1039465.87
83258.56
16012.4
2559
20217.74
1202856.73
4622
59012
13408
24508.34
51382.47
850377
16111.4
21.6
1832703.6
6950479.44
14274
756608.04
94632.24
1327384.74
6019.34
4928735.77
2413308
1995
747
6843536.66
1000142.46
3633631
82085
1136785.99
6112
18209.95
1204136.06
7461
109542.54
434112
6278.94
2014701.93
34049.54
5928892.28
172047.4
106109.03
3056673.21
10438
18466.59
2048.91
89950
161133.83
149393.92
13198.47
35684
3443858.29
93551
268801.52
44656
221116.63
3091584.66
15002132.55
914204.93
1718400.05
9930
50153818.12
24369
1240720.26
846936.3
7263327.73
1.8
9232
1523013.41
216168
153504
52550.57
140911.87
1173560.11
1932.12
32330.18
887376.89
691538.7
4845.44
594931.96
4330.02
523499.33
34182.4
22800.4
4200
615029.99
3690
24871
12208
22338.91
28245.4
7379.8
632610
455564.04
62997.76
28.8
837519.78
11238031.71
1004917.1
1848284.94
9735.26
7117028.48
2608109.3
1995
285729
10565441.96
1682826.38
2891611
75269
80840.25
1890658.78
38345.29
2885
1931043.59
173102.7
284304.24
434112
473.51
358340.4
4008979.4
154794.38
8166091.39
120098.72
144493.87
3996992.3
85542
18000
33653.52
4493.23
127532
223428.06
4277.56
205350.22
22435.57
34092
4438199.17
92706
316187.22
13672.96
12500
130063.86
4045800.53
19643172.57
1190759.73
2238230.78
57825.4
11152856.89
258803.07
425.99
24898.95
6592.95
26686.57
33799.59
5859.84
6788
1400
6788
40722
7.2
1325849.56
38202
909004.35
456399.11
386418.4
844423.74
320963.01
245166
1437163.63
1394677.55
32024.8
352840.96
53803
4830.63
611.08
10958
19201.23
18970.5
331.27
565491.09
8523
45169.6
6900
1003880
3036055.32
185581.67
348831.6
9130401.64
840860.36
5278.67
12911.5
43647
93798.83
112890.73
54322.5
64655.25
2929.92
1400
36142.78
452
826.53
1477.38
122166
7.2
1500852.54
484037.91
373301.04
176126.8
338106
252694.08
63402
676625.3
298226.01
1907561.25
1259456.61
54578.4
149567.91
35397
2588.58
826.75
8056
13678.45
8362.15
453112.11
24416
3600
761108.5
2879542.32
176712.73
332160.94
5271987.15
16128
241713.17
425.99
204442.95
535.08
24665.06
39441.68
12806.3
33889.5
18071.39
1477.38
7.2
203329.49
3612101.15
13209.6
7282
206455.43
242561.48
1151726.53
2570360.39
280942.63
1603
1100372.07
1397.6
4053.02
562215.51
13090
8628.6
1689.46
17248
27563.05
1689.46
30020.72
391.26
17046
386383.8
32717.44
1400
430594
2484563.93
150579.62
283039.45
17665293.83
13857
1362382.74
666761.64
10310.34
25823
857840.4
4299.91
78973.8
148529.64
228845.14
82559.22
101398.77
5859.84
48037.2
31195.73
18071.39
1356
826.53
738.69
21.6
179272.35
697059.19
61114.25
1275382.27
501255.3
11130230.42
40351
217267.05
200087.76
1523712.22
6670803.9
71084.17
918952.38
741409.95
326646
166091.29
293503.53
16310.6
3458936.48
81646.4
62391.46
1448522.06
62736
10872.63
3055.4
47684
77769.33
4888.64
69407.85
2443.45
16348
1479791.16
34141
102058.88
8900
45560.5
1470951.05
7896366.85
479980.78
902203.68
25200627.62
16128
46742
459163.97
116611.4
10770.06
19104.35
1615.2
78082.02
55584
33799.59
5859.84
54214.17
1424
2612.07
4019.28
714106.5
17353.54
32.4
716378.7
6370234.58
162461.29
917681.89
34337.68
24608083.69
2804
5691198.63
468067.74
311820.75
315729.93
1314790.73
348915.64
177775.79
46146.57
4356101.16
91028.02
1960606.84
35144
24503.64
338
1553.36
338
66992
116646.08
1884.56
101231.78
12209.64
17046
1965012.39
17095
113741.28
5859.84
5859.84
7000
27878.31
2110091.33
9619631.98
584704.41
1099049.12
1340
38628625.17
2595439.14
173841.9
26990.4
22396.61
92932.08
258509.77
206295.77
1541.76
155483
144030.15
11719.68
139491.47
1772
4068
7438.77
5964.18
325430.12
48
237091.8
8435948.22
1274120.55
1487188.65
6106
6025639.6
4914821.22
68735
338106
107679.21
386418.4
63402
169059
10625.77
4829209.71
2117959.92
1763613.46
1184608.98
2777.87
341253.28
4189891.88
192767.04
6001683.6
122895.6
31195.73
3088127.33
32746
27500
20190.33
4277.56
107462
185707.28
2444.32
144431.76
13461.34
17046
3131642.04
34539
190200.64
5859.84
18329
125286.59
3275178.89
13576928.48
827315.82
1555077.6
146039
5880.63
30000
17108912.46
241711.47
9922.99
9252.29
29461.57
19702
42378.92
20175.9
40722
2026467.9
1397792.5
634773.93
5383.5
4173.2
108882
2786218.26
354677.94
1635512.5
482880.55
1212870.99
48772.6
4515.5
1185796.98
2228450.54
128500.8
120155.15
355075.46
53718
7593.96
1365.94
18740
31857.34
1222.16
20504.78
3894.09
16348
1107335.76
25220
54936
6100
79247.86
1353888.77
4809102.39
294284.33
559557.12
103262
6450678.02
16128
241713.19
779.41
9654.57
71180.81
30875.41
35747.99
20114
33799.59
18071.39
102
198.72
738.69
13365.27
38700.74
14.4
536132.7
91575.42
281271.32
1995
1055453.4
1175747.51
354677.94
99267
193056.95
4607.28
916198.66
874671.24
48037.2
46379.06
183545.73
1918
862.86
8136
14877.54
8154.6
132.34
16348
388325.52
19044.48
5500
566786.8
1900319.49
118394.63
222542.35
6225959.7
1946353.97
350852.02
13797.76
79620.96
183475.86
100519.26
145190.55
196909.68
17335.36
33585.2
5500
13484
8174
452
826.53
9915.17
6
329190.08
732896.58
258007.87
2619132.08
338106
63402
3640
169636.84
456531
429234.57
787624.28
54518.4
145208.85
691.08
7118
13008.81
6175.09
217.06
416095.42
8921
22951.04
4400
1682.75
536906.64
2215784.87
134384.83
252598.62
71868303.84
16128
298458.93
18138436.12
92862
28296
156818.79
860169.12
467613.63
9417.8
1263226.98
646416.93
32096.76
1948122.39
324.13
1174267.73
256054.92
22951.06
32024.8
1100
144410.24
12000
171.78
17842
7346
13401.97
9161.1
948790.49
1516112.37
7.2
2621983.5
218071.68
80817
1949918.24
3148339.17
2304310.43
17973
4142663.86
4209112.29
4816068
1995
42119.86
42706
534129.36
163621.51
3273283.03
1452468.11
73005
38558.8
1482.45
988333.66
131989.26
9088910.34
336818.86
434058.79
1257319.74
19653
14666.64
338
826.75
676
63196
117970.25
62230.74
3764.58
16348
2723958.96
17095
219011.52
64779
398573.84
6562250.19
22168135.02
1360104.13
2556541.75
90104.8
5735465.72
13857
7.2
274806.3
571695.5
223332.3
130314
1379382.9
901352.92
4256
30958.03
152847.63
11392.6
203813.8
90822.38
702879.12
20062.42
102933.59
862.86
3642
6661.53
4964.4
248.76
255052.71
11719.68
1100
506560.22
1575104.17
96752.38
181862.17
9730714.41
8569366.94
63610.21
181946.49
1328898.9
658628.98
36334.22
463632
316121.94
12696.32
96014.4
44222.28
128414.38
1918
8523
4896
8948.05
5998.79
672354
1397979
49356
684556.48
355381.51
313481.1
31027
679471.89
1725
868523.04
341553
306652.57
949630.02
348032.16
891617.3
1624012.03
81556.82
33197.26
178938.62
12654
2588.58
1437.83
10848
19010.19
826.75
8982.56
977.04
671339.4
29787.52
4554
102385.28
941078.04
4889965.28
298365.98
560828.36
2468592.76
217740
31427021.33
7.2
1388628.06
469118.76
1031912.27
5316527.45
70512
2737537.95
25256.15
2151807.23
28560
1022384.97
47367.04
80998
5000
29193.6
521949.15
4314.3
1097.36
16697
23892
41022.22
16348
1996
31057.35
85716
7700.8
177954.3
253180.98
211496.55
107679.21
97687.97
316092.89
700220.68
48037.2
82252.17
17700
3451.44
611.08
1356
1653.06
797.83
5585.26
317913.75
17579.52
2800
516698.11
7533443.67
463241.89
870740.18
46630
120753125.2
13805284.17
85735.58
3614224.66
3606404.26
82180.41
216660.23
5028.14
275462.04
942285.78
851718.86
2517269.71
216673.57
219635.66
1046983.1
1457038.34
126719.04
79120.42
14000
21639.27
1434362.66
1918
42664
14088
25770.05
34888
61417.23
1567965.92
43.2
32868608.4
1125482.7
99045
3706494.64
22869.39
4763267.47
4505411.75
3755.42
41950684.27
188984
39037209.24
13936818.64
5742438.05
58561.23
9656400.73
3848097.52
5517142.15
23127564.29
300373.62
275321.94
16125838.83
152339
1390
144274.35
13199.81
458758
808719.87
12539.88
787232.63
140802.61
68282
14237466.99
270887
1127193.52
2441.6
11719.68
10254.72
41880
17928.88
9965598.08
54855938.28
3324806.19
6249525.77
21130.55
26836
